1 0.9046875 0.04921875 0.13671875 0.0984375
1 0.96640625 0.23828125 0.0671875 0.11796875
1 0.971875 0.30703125 0.05546875 0.08359375
1 0.965625 0.44609375 0.06875 0.11015625
1 0.9546875 0.5203125 0.08984375 0.075
1 0.95078125 0.58203125 0.0984375 0.11171875
1 0.9359375 0.42109375 0.10625 0.16015625
1 0.86875 0.9453125 0.09921875 0.07109375
1 0.84296875 0.8875 0.08671875 0.11015625
1 0.759375 0.9046875 0.07421875 0.06875
1 0.75703125 0.846875 0.1046875 0.059375
1 0.67109375 0.90625 0.11015625 0.06640625
1 0.76640625 0.7640625 0.11171875 0.08359375
1 0.78828125 0.5 0.19453125 0.1625
1 0.78359375 0.59296875 0.103125 0.18203125
1 0.68828125 0.61875 0.12421875 0.08515625
1 0.83046875 0.44609375 0.059375 0.0453125
1 0.80390625 0.40703125 0.109375 0.07734375
1 0.7671875 0.340625 0.171875 0.0890625
1 0.74140625 0.24921875 0.1609375 0.06015625
1 0.73515625 0.1828125 0.10234375 0.06328125
1 0.76796875 0.0796875 0.08359375 0.0546875
1 0.75546875 0.0421875 0.11796875 0.084375
1 0.66796875 0.03203125 0.096875 0.0515625
1 0.48125 0.04375 0.0953125 0.0609375
1 0.6390625 0.20234375 0.103125 0.065625
1 0.65703125 0.40234375 0.0671875 0.2515625
1 0.58359375 0.253125 0.05078125 0.090625
1 0.60234375 0.346875 0.04296875 0.121875
1 0.534375 0.459375 0.0484375 0.2625
1 0.4921875 0.2703125 0.0796875 0.046875
1 0.5171875 0.31796875 0.09765625 0.0484375
1 0.465625 0.35390625 0.0625 0.0453125
1 0.4375 0.409375 0.0609375 0.059375
1 0.48046875 0.64921875 0.090625 0.096875
1 0.4390625 0.7015625 0.06875 0.0546875
1 0.32265625 0.14296875 0.06484375 0.053125
1 0.38828125 0.1625 0.0875 0.0515625
1 0.33671875 0.20234375 0.05859375 0.065625
1 0.31640625 0.2078125 0.05625 0.06640625
1 0.30078125 0.32734375 0.04375 0.09921875
1 0.11171875 0.2828125 0.07890625 0.0546875
1 0.17890625 0.3671875 0.0765625 0.03671875
1 0.25234375 0.36875 0.040625 0.04375
1 0.24921875 0.390625 0.0375 0.028125
1 0.2984375 0.41328125 0.0703125 0.05390625
1 0.29296875 0.46875 0.06484375 0.05625
1 0.29453125 0.52890625 0.0671875 0.0515625
1 0.33671875 0.56484375 0.075 0.1453125
1 0.32421875 0.67890625 0.07734375 0.1390625
1 0.3390625 0.71328125 0.075 0.07109375
1 0.28359375 0.70546875 0.040625 0.07890625
1 0.28046875 0.5765625 0.05390625 0.0609375
1 0.190625 0.52890625 0.0296875 0.18125
1 0.165625 0.534375 0.0234375 0.16015625
1 0.1453125 0.53984375 0.028125 0.18046875
1 0.128125 0.515625 0.02265625 0.1328125
1 0.1078125 0.5265625 0.0234375 0.14453125
1 0.13203125 0.44296875 0.03828125 0.1203125
1 0.19375 0.39140625 0.06953125 0.0421875
1 0.19609375 0.41328125 0.06875 0.07421875
1 0.028125 0.58046875 0.05625 0.1234375
1 0.040625 0.6328125 0.08125 0.0828125
1 0.2234375 0.70703125 0.0265625 0.1125
1 0.13828125 0.6875 0.07109375 0.06015625
1 0.40234375 0.93671875 0.06796875 0.04765625
1 0.384375 0.89140625 0.10859375 0.0421875
1 0.396875 0.85 0.0734375 0.04296875
1 0.2765625 0.8296875 0.0421875 0.11484375
1 0.22109375 0.50859375 0.040625 0.1953125