1 0.09573397613996643 0.8729471414905478 0.10630531094499089 0.12089428298109546
1 0.05498838817118255 0.6766761294884953 0.04577724672063965 0.12835225897699054
1 0.0497819097679086 0.6071357891294156 0.04076884215265536 0.09239657825883114
1 0.06218897727162019 0.47131191861791083 0.0813053109449909 0.12074883723582168
1 0.07647280529078135 0.40110395774732643 0.10623006784239583 0.08965337334017516
1 0.08816389981828592 0.3410340661585828 0.12390224672063965 0.12880677693097137
1 0.08800452679665036 0.5019215691836448 0.13260886137453223 0.17571813836728972
1 0.21434578301668675 0.02155333401436782 0.11306656603337348 0.04127041549465286
1 0.23205890547249544 0.061487987605163996 0.11099281094499087 0.12092155405833441
1 0.317791687584671 0.05808170735454297 0.09019563206674715 0.08174996974937895
1 0.31300901232447187 0.1158487555591449 0.11807497060135788 0.0772260962128121
1 0.40602867198083886 0.07265326746300158 0.12317190637700648 0.08506586729005094
1 0.29374775723608926 0.19539990017295064 0.13040455223856365 0.10385222872636941
1 0.23998975067736855 0.45125901473252705 0.22890400723608922 0.19502265027114643
1 0.2555527956798429 0.3607521894005621 0.14313028154634874 0.19764768052176757
1 0.3534989727490644 0.35194988202257804 0.14298643939369332 0.1054874515990063
1 0.19080197817613134 0.4962715328828997 0.06849105042954129 0.05506929508134384
1 0.21262606851976437 0.5401351623713949 0.12687011646291485 0.0960215480082102
1 0.24139287765573297 0.6121556081166688 0.19051653663473136 0.11826016237139499
1 0.2556811069635181 0.7059601502711466 0.17325379353213632 0.0869192587805987
1 0.25373350463409744 0.7731158340143678 0.1166762449116173 0.08034200585373252
1 0.2087286210970123 0.86813744252382 0.0957905348257091 0.06928633118569749
1 0.21624454997525605 0.9072317587805987 0.13665455223856365 0.10388859016268767
1 0.301970688034897 0.933503888170898 0.10820864767057933 0.06779655405833437
1 0.48897272105158385 0.9548981409013726 0.10869997060135787 0.07717155405833438
1 0.3520072303238379 0.7705635266363837 0.1168400192218769 0.08346700585373253
1 0.35793192446722966 0.5706589754067197 0.12296826775153882 0.2600113251355733
1 0.4132003578680292 0.7310879361791083 0.07078389077317446 0.09881929508134384
1 0.4058205478275495 0.6349805506404889 0.07077724672063965 0.12849770472226432
1 0.4873804070543752 0.5370475655694076 0.10775270352718742 0.267732921544777
1 0.5060872207128995 0.7300663125443455 0.08904921189493056 0.059874969749379045
1 0.48701963817118255 0.6791896137740094 0.10648237336031982 0.06466246369925485
1 0.5426588065339768 0.6529589118804155 0.07169793758467105 0.05664997579950324
1 0.5775384175698247 0.6031770804983264 0.07391553482570909 0.06915906615858276
1 0.5639827713695834 0.3594225353187866 0.11206398801421233 0.11155564441741399
1 0.6116489874483855 0.31518217680933436 0.08000176051544958 0.0660704275949013
1 0.658725299070745 0.8855946707592102 0.07679487336031983 0.06448974687674217
1 0.5961909995457148 0.854771396755105 0.09875176051544958 0.06617951190385654
1 0.6524476435982495 0.825420240041051 0.07424308344622794 0.07540906615858275
1 0.672637312865555 0.8231946647090858 0.07111808344622794 0.07539088544042372
1 0.7033373569635181 0.708564538147457 0.06650582654882306 0.1066045240041051
1 0.8854748275648759 0.7861633390825334 0.08945864767057934 0.06768746974937905
1 0.8289581546795258 0.691332107232906 0.08387038896415219 0.050472698672140125
1 0.7563052267057933 0.6760702007152435 0.04949538896415202 0.050272710772388506
1 0.7622719436891066 0.655798607331102 0.04398901741285464 0.03462043969514959
1 0.7161029505865115 0.6242895320973327 0.08148237336031983 0.0645170179539809
1 0.728121593734535 0.5704696405085892 0.07852114767057934 0.06762383723582169
1 0.7336036318396044 0.511144637483527 0.07827548620519006 0.06293633723582168
1 0.6962364286511011 0.46875260440423566 0.10662621551297527 0.15682269262201592
1 0.7224946342144537 0.35878270676536783 0.10942366689245624 0.15059087334017515
1 0.7119765360689045 0.3220139597904299 0.09035940637700665 0.08487496974937905
1 0.7660022947753318 0.33951053199913683 0.057546906377006476 0.08468407220870695
1 0.7539260979184066 0.4667451976901814 0.06610303482570909 0.06911361436318479
1 0.8368890841235966 0.529708806003242 0.07060018430531087 0.18472952400410508
1 0.8626293905460318 0.5290775469280556 0.05843437697836436 0.16122839149054774
1 0.8836412533909019 0.5276377667756306 0.06895579715018094 0.1831579336450254
1 0.8975333350281078 0.5542729896482674 0.05235479534115868 0.13463862041330898
1 0.9190398428300238 0.5473690046753822 0.05605300542706715 0.14559430113146804
1 0.8848529505865115 0.6252712908779314 0.06436347241038014 0.12533634328594587
1 0.8174098230423201 0.6647105198988885 0.0777841632744117 0.05356133723582168
1 0.8178259028705035 0.6428446102579681 0.08575379353213641 0.08641019867214013
1 0.9817357581406003 0.5072076129884426 0.036528483718799264 0.1315954336450254
1 0.9745849994341732 0.45482750155212415 0.05083000113165355 0.09573065651766247
1 0.8266089241285455 0.3484542608237021 0.0513721494796016 0.1158886204133089
1 0.9088791915414 0.3832974143163025 0.08493492198083885 0.07078519867214013
1 0.6764197371097012 0.09062760440423562 0.0795923247398008 0.05825792759490127
1 0.6890735453411587 0.13834294173825312 0.11881859905006031 0.06161018657189175
1 0.6715894742194024 0.1772918122497579 0.08263543758467122 0.056713608313060514
1 0.788562290252776 0.21858495364210984 0.06732469810012062 0.1222295240041051
1 0.8040732620973292 0.5443571132830302 0.08391905585660844 0.20042724687674215