1 0.31203960433270594 0.893052755370771 0.31590352570316255 0.1254930853755436
1 0.2778278641441756 0.1492573020369074 0.1847065583264073 0.2785806280235444
1 0.4992186107584965 0.9219124573519991 0.37993153361182797 0.15617508529600171
1 0.8004535055115696 0.8253332847708134 0.31877385771838507 0.11927944804263432
1 0.6306530000743621 0.7975884507479053 0.48666169467652337 0.13841235073199698
1 0.5356177312912818 0.7074623427354968 0.6609268656270505 0.16074297875554144
1 0.599899112698482 0.5411020934118145 0.277952539543327 0.19064537070336202
1 0.4614586952079959 0.5355867953930427 0.37457287155854946 0.18552261338317955
1 0.9158889382507326 0.11295255812376703 0.14766286167271758 0.1360295013526355
1 0.867909036083286 0.18111166478354007 0.23053902866891213 0.13855561203054406
1 0.8862902922619307 0.48678040945254 0.22741941547613856 0.1543987880330894
1 0.7697924600367434 0.6094537461011772 0.3432247124710205 0.22107830537872514
1 0.8636220785923623 0.3825287141151765 0.12655186562705012 0.15452496268299926