1 0.3851375702265864 0.7363986269935767 0.1685430474519924 0.2287094943004167
1 0.2875807738003583 0.9054888934267362 0.10320720752810449 0.18902221314652756
1 0.08037720258518867 0.1720217767854862 0.1602450692008222 0.33154355357097237
1 0.03575706376361475 0.30288926386770837 0.05559737847863163 0.2151535277354167
1 0.9555277470528409 0.6117734074818758 0.08894450589431813 0.44745818787965275
1 0.7052869496566202 0.5674551373459034 0.18918710577839964 0.5054901998475
1 0.1863843938388519 0.6857225605048265 0.1512361196185641 0.5701696424768056
1 0.5736006205699662 0.1897457518029519 0.3228432282883512 0.29942465064493085
1 0.7617465607978653 0.30573769376666726 0.1578681215957305 0.5796901128415278
1 0.27985062056996624 0.18290864466100717 0.15007157315515496 0.3500389804327084
1 0.43593613589300545 0.25912891859670173 0.19764159292681835 0.44480727298576406
1 0.560233070720878 0.7358602453925176 0.15634011368706507 0.5282795092149648
1 0.6130742278312407 0.6987759128971185 0.09847989825029516 0.30981271751493067
1 0.8788663711014388 0.586226860751042 0.15144034395258252 0.827546278497916
1 0.6031236358930054 0.26302025085302133 0.09721719269935694 0.12558318787965286