0 0.655101474716767 0.9172661140757988 0.16982170456235507 0.1654677718484024
0 0.5781516555531259 0.8572248457427782 0.14880886760421674 0.1658094507974308
0 0.6136965192030098 0.7141658299752087 0.16344437056996633 0.18019925911805573
0 0.6566400473776303 0.5814449021635422 0.15837486859279987 0.1707151563445141
1 0.092401133841477 0.553454267951771 0.13336955140632506 0.2466230397032639
1 0.7962887736888151 0.30161454464034787 0.12112953657757757 0.17609233415618064
1 0.7066386832706357 0.3331535257386464 0.10247769566510634 0.1397547906531945
1 0.5744708290122919 0.4293901332618407 0.149190869581383 0.1751844507974308
1 0.625289229696864 0.5064260651575699 0.1280851907221905 0.11693553970326391
1 0.5546610533091293 0.5509196411456255 0.1566850346004111 0.16755378875333343
1 0.558134857681204 0.292943486985313 0.14224053262324468 0.15785148043270852
1 0.3381977479856526 0.41294294319798636 0.1825127055509382 0.18844817021222227
1 0.2890824742596564 0.5244064668493406 0.15068970258518863 0.1736583183886113
1 0.16626705676917047 0.5254578609416669 0.11105419961943915 0.15868662860909738
1 0.15764283737806778 0.7754942285328473 0.10062603558899426 0.17093205547083343
1 0.3199279786710997 0.8975315762723959 0.20521537650146532 0.20493684745520824
1 0.5307262158195185 0.9581625645888892 0.14294618676785795 0.08367487082222169
1 0.4420483763899221 0.9863778303564585 0.08434050790866543 0.02724433928708301
1 0.48840074745418 0.8144723416587158 0.13576503954332697 0.1904821424768059
1 0.47061638677004547 0.9438689009292712 0.06657468775644108 0.10145470364722228
1 0.24971752121735719 0.3006228215227432 0.11029019566510642 0.13993662860909736
1 0.4790455824723329 0.41074727640423647 0.1150413626613009 0.141608231382639
1 0.16690767981059462 0.33701295678135434 0.07470552273741297 0.10944904160312507
1 0.26458785714973126 0.684144489550764 0.149925698630856 0.15490831838861113
1 0.47317894855649384 0.6506819453821879 0.16883220752810466 0.19749586189159735
1 0.43734226623726025 0.7241369759673961 0.13972302768032882 0.13437761284152785
1 0.4869031393158655 0.14114329122187544 0.18241986364988402 0.14785953780340294
1 0.7323310444490618 0.20159505442399367 0.18499571840251966 0.24938567021222235