0 0.20546875 0.85234375 0.12421875 0.1640625
0 0.30234375 0.80234375 0.109375 0.1390625
0 0.3109375 0.65546875 0.121875 0.15
0 0.309375 0.5171875 0.11796875 0.14140625
1 0.85859375 0.6484375 0.06640625 0.234375
1 0.25859375 0.21015625 0.075 0.16015625
1 0.33515625 0.265625 0.0671875 0.12421875
1 0.43359375 0.39453125 0.10546875 0.15
1 0.36171875 0.45390625 0.10234375 0.08984375
1 0.41640625 0.51640625 0.11796875 0.13828125
1 0.48984375 0.26953125 0.10546875 0.13125
1 0.66484375 0.4453125 0.13984375 0.15234375
1 0.67890625 0.565625 0.10859375 0.14609375
1 0.79609375 0.6015625 0.0703125 0.1421875
1 0.73046875 0.8421875 0.0546875 0.159375
1 0.5375 0.915625 0.16015625 0.16875
1 0.309375 0.94140625 0.11328125 0.1171875
1 0.38984375 0.9796875 0.07421875 0.040625
1 0.4015625 0.78671875 0.0875 0.1703125
1 0.3796875 0.91484375 0.04140625 0.0921875
1 0.78359375 0.36328125 0.07421875 0.12265625
1 0.53046875 0.40390625 0.08203125 0.12109375
1 0.8515625 0.42109375 0.0453125 0.09921875
1 0.6546875 0.725 0.11484375 0.1265625
1 0.46484375 0.634375 0.121875 0.1671875
1 0.47734375 0.71484375 0.1109375 0.10546875
1 0.603125 0.14453125 0.153125 0.1078125
1 0.35 0.1328125 0.12265625 0.22109375