1 0.5 0.5 1 0.9921875
1 0.27109375 0.46171875 0.15625 0.2390625
1 0.75390625 0.6671875 0.134375 0.159375
1 0.2984375 0.71640625 0.10625 0.1421875
1 0.63125 0.22109375 0.234375 0.3328125
1 0.11953125 0.21328125 0.0765625 0.25625
1 0.17109375 0.7484375 0.1046875 0.1609375
1 0.69375 0.303125 0.109375 0.15625
1 0.3703125 0.20625 0.13125 0.1453125
1 0.41953125 0.89296875 0.0609375 0.0890625
1 0.8609375 0.16015625 0.196875 0.3203125
1 0.60859375 0.57734375 0.4359375 0.3484375
1 0.5953125 0.80390625 0.11875 0.1875
1 0.90625 0.409375 0.09375 0.1546875