1 0.5 0.5 1 1
1 0.4859375 0.28210808715965385 0.2546875 0.18709814937949698
1 0.63984375 0.7889300516619879 0.171875 0.15500105172849493
1 0.7359375 0.3432885942192828 0.153125 0.1247679824490227
1 0.20859375 0.6076319582341279 0.35625 0.27755331630997127
1 0.2546875 0.09881689937949703 0.2625 0.11076296991261043
1 0.78125 0.22195080331134057 0.1703125 0.12526808762187222
1 0.28359375 0.6801267353520167 0.1671875 0.1298646594086268
1 0.22109375 0.34705817108710935 0.1578125 0.14990437476889085
1 0.89921875 0.4871020933613529 0.0953125 0.07308581050398359
1 0.146875 0.826929876022532 0.29375 0.238234752045064
1 0.565625 0.6328642565974105 0.3921875 0.48172399076229305
1 0.7921875 0.6496128020576993 0.1984375 0.14327394154108042
1 0.3671875 0.9052153150563299 0.1640625 0.11414873119538171