1 0.5774342897775953 0.7246662656706603 0.501538775160508 0.27875239399541696
1 0.534912967939633 0.20549738516170182 0.4068262930174157 0.3109089709334031
1 0.28193619805413067 0.3254416367772225 0.16056712743398432 0.16148562670923622
1 0.14185707427359426 0.6043270901401042 0.26472852191409724 0.22326088772715308
1 0.28235184050894396 0.8389410923243059 0.23160810470581286 0.2943358007211806
1 0.19978794561849866 0.24068347064906268 0.12227619480442446 0.11530030452090285
1 0.7147935625024714 0.377721143329827 0.5188582832748876 0.644631967133681
1 0.5135824752498243 0.9270930961240278 0.29957508035608366 0.14581380775194433
1 0.1888522199682279 0.10599934612402792 0.2941705600635442 0.20988937195958357
1 0.7525086075550724 0.9382150469214586 0.20867734496658025 0.1235699061570827
1 0.7820553802799487 0.5989071187285424 0.2066432865245938 0.20629028685347245