1 0.35546875 0.64140625 0.1546875 0.2953125
1 0.4578125 0.45859375 0.140625 0.2546875
1 0.1875 0.23515625 0.1375 0.2140625
1 0.1375 0.3921875 0.15 0.234375
1 0.3171875 0.428125 0.128125 0.2
1 0.23359375 0.40703125 0.0984375 0.2453125
1 0.33671875 0.2109375 0.1796875 0.365625
1 0.5609375 0.203125 0.265625 0.40625
1 0.59609375 0.44140625 0.1296875 0.1953125
1 0.71796875 0.39765625 0.1609375 0.2203125
1 0.75859375 0.57265625 0.1234375 0.2140625
1 0.178125 0.59296875 0.30625 0.1859375
1 0.1640625 0.7640625 0.328125 0.246875