1 0.5 0.5 1 1
1 0.0546875 0.17201990332590944 0.109375 0.16533519334818111
1 0.09140625 0.3278426419875915 0.1828125 0.256814716024817
1 0.1578125 0.4551949353119101 0.2609375 0.1842862827020893
1 0.18125 0.6174222153087283 0.3484375 0.2571794373806341
1 0.16796875 0.7933580066438647 0.25 0.2294715133672712
1 0.2171875 0.9170040446371832 0.26875 0.16406468936981647
1 0.44921875 0.7955541166056845 0.4328125 0.3487862293920882
1 0.46328125 0.9500779846037757 0.3203125 0.09278967337681614
1 0.4140625 0.5420569466104571 0.3125 0.38332376670908896
1 0.325 0.2899682826225475 0.334375 0.2867033053787251
1 0.20625 0.1249438139720013 0.3046875 0.2019828600413617
1 0.53515625 0.1364449353119101 0.4390625 0.2728898706238202
1 0.59375 0.371997343252731 0.325 0.2928442173774525
1 0.66875 0.5906558892425496 0.34375 0.2836873933799978
1 0.81796875 0.7764195718889597 0.3640625 0.29798625071608864
1 0.7765625 0.9011201272279139 0.3140625 0.14584194804263434
1 0.8046875 0.0435563592855022 0.2 0.0871127185710044
1 0.83359375 0.1637377585535052 0.2359375 0.2339953813653622
1 0.8296875 0.34347071188736883 0.2265625 0.2010737933640895
1 0.90078125 0.499674711211051 0.1984375 0.21949652936027136