1 0.5015625 0.5 0.996875 1
1 0.06171875 0.09609375 0.12265625 0.18984375
1 0.2265625 0.1078125 0.20859375 0.215625
1 0.37578125 0.178125 0.12734375 0.2375
1 0.5390625 0.16171875 0.1828125 0.3140625
1 0.70625 0.10625 0.18046875 0.2125
1 0.88984375 0.11171875 0.2171875 0.2234375
1 0.7796875 0.378125 0.259375 0.38046875
1 0.9625 0.34765625 0.075 0.3109375
1 0.525 0.40546875 0.33203125 0.2390625
1 0.2578125 0.3796875 0.21796875 0.28984375
1 0.0671875 0.30546875 0.13359375 0.28203125
1 0.12890625 0.6296875 0.25078125 0.390625
1 0.40546875 0.6203125 0.22890625 0.278125
1 0.63671875 0.63984375 0.2125 0.3015625
1 0.8671875 0.78671875 0.196875 0.4265625
1 0.96484375 0.66875 0.0703125 0.30546875
1 0.08359375 0.91796875 0.1671875 0.1640625
1 0.2640625 0.90234375 0.1890625 0.1953125
1 0.4375 0.85546875 0.15703125 0.19453125
1 0.6109375 0.90078125 0.1765625 0.19140625