1 0.7140625 0.56484375 0.1453125 0.2796875
1 0.65859375 0.7046875 0.1203125 0.2125
1 0.75859375 0.8203125 0.103125 0.15
1 0.2609375 0.8046875 0.1296875 0.22421875
1 0.13671875 0.346875 0.16640625 0.1734375
1 0.2515625 0.31796875 0.07890625 0.25390625
1 0.58203125 0.26953125 0.3515625 0.490625
1 0.88203125 0.43046875 0.2359375 0.4703125
1 0.3703125 0.92734375 0.13515625 0.1109375
1 0.1328125 0.06484375 0.15703125 0.1171875
1 0.36796875 0.27578125 0.1140625 0.1828125
1 0.53046875 0.69765625 0.15078125 0.14765625
1 0.75 0.11953125 0.275 0.2390625
1 0.92734375 0.1078125 0.0609375 0.215625