1 0.5850793469918798 0.7250474721676741 0.28707508035608365 0.16130640159486145
1 0.7215293157422917 0.6680915701915631 0.21942393019392786 0.13318009517409735
1 0.8419430016182625 0.7661680071212854 0.15500687418757336 0.11137652393569457
1 0.8004711530015296 0.2693105377064937 0.23208757142762976 0.14284603590354186
1 0.3368568920444809 0.14997016451263917 0.18268758928453738 0.17605727298576404
1 0.3138751339268061 0.26501328305375027 0.2577773181812191 0.09346428495361128
1 0.28295201095375333 0.5961898946610071 0.5095615551922803 0.3804603643601393
1 0.4590913656595662 0.8812883272223264 0.48235239853730255 0.23742334555534725
1 0.9288609801112024 0.37694381259211884 0.11802507142762977 0.1401912017473613
1 0.05882734943080713 0.14896548328250006 0.11530917451188502 0.1635559665650001
1 0.27765303611755676 0.3820910270698266 0.18803756249917622 0.12464024335048621
1 0.7075741355483639 0.5396938132577089 0.15426258035608367 0.15821515634451408
1 0.14144812377724109 0.7662633924768057 0.2533740105500116 0.2885949469977085
1 0.13907492044810468 0.9434798559076738 0.21838753571381497 0.07380509517409735