1 0.5446705524534108 0.9470039113621805 0.1876029515702104 0.10599217727563896
1 0.5621415457894932 0.8531293787396329 0.1991769490629279 0.13508516669318063
1 0.6009850854437941 0.819218002745042 0.09878449247815269 0.06675224267981754
1 0.6878425762725942 0.7444730887571323 0.10976745658477541 0.06844201201463562
1 0.6810673905375013 0.8068730914226322 0.10526181301126591 0.07463746801399936
1 0.6300922607540457 0.6922560607494962 0.08467652837152997 0.06502611067790856
1 0.518834163498755 0.7604691640674515 0.10526181301126591 0.07463746801399936
1 0.3748699001709198 0.5635476160486796 0.08146060015828453 0.06186474801081765
1 0.46199782713052395 0.5786191800604518 0.0911538489046432 0.07291133601209036
1 0.12745299406099825 0.6762545120146357 0.09927990063313823 0.24482269867918127
1 0.1689956363808663 0.68142381735359 0.09970579796757124 0.20577838001272664
1 0.2585064849563052 0.1342135573679075 0.11298338479802066 0.07160337468172658
1 0.34617396951689905 0.11414705271322512 0.08481292069139794 0.06971361067790856
1 0.3410976761016743 0.18125273671227063 0.11490959765100203 0.08412155601527208
1 0.8639504352063673 0.7309025794477675 0.15897784639736087 0.09556813335454457
1 0.8513391234487425 0.646409400779722 0.07176735141192588 0.05081816000954511
1 0.9239044452354971 0.6441298327895852 0.07989810015828454 0.061846566677272286