1 0.79375 0.868888882558914 0.1859375 0.19903857869190808
1 0.84609375 0.7424985578851417 0.1875 0.17874426002545346
1 0.525 0.8540473219287306 0.2171875 0.2759647053628168
1 0.68359375 0.778764416573868 0.2171875 0.2665897053628168
1 0.38984375 0.7126512572804116 0.2375 0.31370106269890774
1 0.3078125 0.5362620272915473 0.225 0.26668061203054416
1 0.48203125 0.45298480860123025 0.2375 0.2933885626989078
1 0.45546875 0.28220014127150284 0.1640625 0.17690904002227176
1 0.23828125 0.6191023466343196 0.4765625 0.7617953067313608
1 0.68359375 0.3409409839672288 0.4015625 0.6818819679344575
1 0.784375 0.2959097472947291 0.43125 0.5918194945894582