1 0.13125 0.53203125 0.21484375 0.31484375
1 0.47265625 0.709375 0.20078125 0.25078125
1 0.34140625 0.61953125 0.27890625 0.71484375
1 0.33125 0.2109375 0.25078125 0.23515625
1 0.47421875 0.08828125 0.22734375 0.1765625
1 0.40546875 0.4625 0.12890625 0.165625
1 0.625 0.6328125 0.259375 0.4953125
1 0.66640625 0.69296875 0.1796875 0.359375
1 0.79921875 0.02890625 0.234375 0.0578125
1 0.68046875 0.2140625 0.07578125 0.296875
0 0.921875 0.17734375 0.146875 0.30703125
1 0.74609375 0.46015625 0.09765625 0.1203125