1 0.12943751512531051 0.2765357498036083 0.25887503025062103 0.3811964996072166
1 0.09414789227611468 0.4693136022629362 0.1248737767345796 0.24759313836728972
1 0.8358485371845081 0.6916048180052945 0.1921521803253757 0.26360902380771345
1 0.5794228378249968 0.31744411357761776 0.13844539734428024 0.1632999515990063
1 0.6321291604264874 0.5240077309658646 0.11954995159900647 0.13819086729005098
1 0.5770684348233759 0.7221316135776178 0.13717378883482798 0.21329086123992697
1 0.3930444554096354 0.3921436108471433 0.14458631303532482 0.14458631303532493
1 0.5224450882177802 0.5764964058302914 0.14137040944452864 0.12894313231716553
1 0.5045904885871226 0.42248107152133596 0.17604539129415606 0.18070562021691713
1 0.393879726683266 0.5171527012062229 0.13056017447164328 0.15075449980360817
1 0.42304855533488067 0.7407674632082755 0.13090560811666876 0.21012949980360815
1 0.392480332265852 0.623398156026683 0.11343630698520064 0.16159200585373235
1 0.6510331756499937 0.6319338604543598 0.11165563836728971 0.12408291549465282