1 0.2785344577719095 0.5211551952975926 0.20726223370266403 0.1445510733609078
1 0.457239782461658 0.6464626359405028 0.32960389812585583 0.2693703547103617
1 0.12308242814673835 0.46982105665181884 0.1513017387172289 0.10016472668681722
1 0.24361257383181867 0.2878887093014106 0.30633153417751763 0.32845445337363455
1 0.24604124036658157 0.23706200596754695 0.3977748880967259 0.35763397071927033
1 0.6534134711662517 0.2440445185789586 0.20735316191590947 0.1476760733609078
1 0.5660702470304991 0.33102744525782163 0.3047570108205527 0.22066013470718
1 0.7023296589464085 0.47480362257323155 0.49955268527287444 0.2588521200668151
1 0.8155306894295095 0.36329286322409593 0.273188762074194 0.209359008036271
1 0.8208737558059879 0.251474115889596 0.08141513605166181 0.06030224801081765
1 0.20315167603516732 0.6431671026416375 0.34219482633910114 0.2726408053787253
1 0.6741210570722642 0.7408467932447768 0.48780885471063107 0.3383759880649061