1 0.58046875 0.27578125 0.09921875 0.18515625
1 0.66171875 0.4765625 0.203125 0.28125
1 0.56640625 0.1140625 0.0671875 0.1359375
1 0.3609375 0.1921875 0.27578125 0.23828125
1 0.3109375 0.18359375 0.2828125 0.32734375
1 0.2234375 0.58125 0.10234375 0.18359375
1 0.32890625 0.515625 0.15703125 0.26796875
1 0.4375 0.678125 0.14453125 0.47265625
1 0.303125 0.76484375 0.15234375 0.23671875
1 0.1921875 0.74609375 0.04453125 0.07265625
1 0.7171875 0.22890625 0.20234375 0.29296875
1 0.70390625 0.7078125 0.234375 0.43359375