1 0.89375 0.58125 0.15546875 0.265625
0 0.09765625 0.0546875 0.1484375 0.109375
0 0.2046875 0.16953125 0.13671875 0.26328125
1 0.0359375 0.61640625 0.071875 0.28359375
1 0.1046875 0.35234375 0.2046875 0.55546875
1 0.4734375 0.79765625 0.10546875 0.4046875
1 0.32578125 0.425 0.1890625 0.39765625
1 0.3171875 0.6734375 0.3375 0.21640625
1 0.265625 0.90703125 0.08125 0.1859375
1 0.359375 0.88515625 0.12890625 0.2296875
1 0.115625 0.859375 0.23125 0.28125
1 0.96015625 0.17109375 0.0796875 0.31640625
1 0.84921875 0.12265625 0.13359375 0.2453125
1 0.6890625 0.3171875 0.26015625 0.3921875
1 0.959375 0.77578125 0.08125 0.221875
1 0.959375 0.9578125 0.07890625 0.08359375
1 0.571875 0.06484375 0.19453125 0.1296875
1 0.375 0.1234375 0.1890625 0.2421875
1 0.48515625 0.42578125 0.14375 0.278125
1 0.6921875 0.80703125 0.353125 0.3859375
1 0.821875 0.95546875 0.096875 0.0890625
1 0.62421875 0.67109375 0.1796875 0.34375
1 0.96875 0.4234375 0.0625 0.19375
1 0.87890625 0.3453125 0.11015625 0.1546875