0 0.5086626645619174 0.3880242582896194 0.6759045612921568 0.2944884026088375
0 0.4664419669568257 0.6361572312604522 0.6560377302655176 0.3053077279408026
0 0.47736617399063863 0.8252681655928488 0.7173864071475438 0.3494636688143025
0 0.8791436719391102 0.19573378180274514 0.24171265612177956 0.2826680960164204
0 0.8899418394667773 0.4292957155459665 0.20129188045579802 0.22455561416679296
0 0.8702388458739774 0.6260116342620732 0.25952230825204514 0.21552604781181853
0 0.8709079269563883 0.8439303872871353 0.2484852154367701 0.23264082493918145
0 0.5341123562355101 0.11167538172799041 0.6338497124710203 0.2208236436318471
0 0.6400187994291586 0.23804295988862573 0.16006470258518882 0.1712033551898026
0 0.47900038638729703 0.2542896077238853 0.15043503460041113 0.16489881303532483
0 0.2882852030794803 0.1742925146343312 0.16532520555093821 0.18529312626704136
0 0.27395998969423874 0.7428243460164203 0.21503604547482605 0.21682492739850937
0 0.4812604951314462 0.7698055234149299 0.30610671444818677 0.22828966822512733