1 0.6953125 0.696875 0.1375 0.0828125
1 0.66015625 0.6015625 0.140625 0.0734375
1 0.33828125 0.4375 0.1640625 0.128125
1 0.25703125 0.9578125 0.2296875 0.084375
1 0.53359375 0.88203125 0.0921875 0.0921875
1 0.23984375 0.26328125 0.1015625 0.078125
1 0.7515625 0.0984375 0.096875 0.103125
1 0.803125 0.22265625 0.2140625 0.1390625
1 0.88828125 0.4703125 0.2234375 0.08125
1 0.86640625 0.409375 0.2203125 0.08125
1 0.85859375 0.334375 0.2140625 0.1015625
1 0.22578125 0.1984375 0.0875 0.0609375
1 0.2984375 0.68984375 0.1171875 0.146875
1 0.59609375 0.40234375 0.1234375 0.06875
1 0.70234375 0.79140625 0.125 0.103125
1 0.0671875 0.221875 0.1125 0.2