1 0.4046875 0.41015625 0.06640625 0.12578125
1 0.36796875 0.53984375 0.07265625 0.16328125
1 0.44453125 0.54375 0.071875 0.15
1 0.47109375 0.64765625 0.06640625 0.13671875
1 0.50234375 0.49609375 0.046875 0.12421875
1 0.5453125 0.66171875 0.06640625 0.14375
1 0.3453125 0.7109375 0.0703125 0.14609375
1 0.41796875 0.70859375 0.07109375 0.140625
1 0.38359375 0.86796875 0.0875 0.20390625
1 0.521875 0.878125 0.08671875 0.16328125
1 0.28984375 0.9 0.065625 0.11171875
1 0.221875 0.8484375 0.06328125 0.1
1 0.19453125 0.946875 0.06953125 0.10625
1 0.73671875 0.9578125 0.1 0.084375
1 0.81171875 0.93828125 0.06640625 0.1234375
1 0.878125 0.91875 0.071875 0.13671875
1 0.80546875 0.83359375 0.07109375 0.12265625
1 0.74140625 0.81484375 0.065625 0.09375
1 0.67578125 0.81484375 0.0703125 0.14609375
1 0.9375 0.8875 0.06328125 0.11640625
1 0.7078125 0.6515625 0.0328125 0.0875
1 0.7828125 0.71875 0.053125 0.1
1 0.63125 0.546875 0.0421875 0.0609375
1 0.16015625 0.090625 0.178125 0.1375
1 0.3109375 0.209375 0.09296875 0.11875
1 0.51640625 0.36640625 0.065625 0.06796875