1 0.24453125 0.9037264265483558 0.1984375 0.17562016823232512
1 0.71953125 0.42762332700011346 0.128125 0.13558743145709168
1 0.2484375 0.7222489133941761 0.1078125 0.07971686305535748
1 0.446875 0.9145974951618511 0.10625 0.09525085779368574
1 0.62578125 0.5987086427004245 0.084375 0.08147678413027996
1 0.63046875 0.3671856269154089 0.065625 0.04913472099021767
1 0.871875 0.3789065639871082 0.0765625 0.07320925782192056
1 0.8640625 0.5527990902954676 0.0796875 0.0765162683452644
1 0.3703125 0.7870255029837718 0.15625 0.13566302616718495
1 0.440625 0.17121151620853858 0.1734375 0.28978908404557524
1 0.328125 0.6230763950489118 0.09375 0.08358531570031094
1 0.77421875 0.8572506428415988 0.109375 0.12668286831702957
1 0.7328125 0.6409122822759027 0.140625 0.0941279735504665
1 0.8484375 0.31308414291218595 0.08125 0.06566977360693613