1 0.12734375 0.81796875 0.1375 0.1796875
1 0.49609375 0.278125 0.1125 0.11328125
1 0.30546875 0.78515625 0.0578125 0.1
1 0.0734375 0.62109375 0.07578125 0.0953125
1 0.346875 0.396875 0.06484375 0.07578125
1 0.57421875 0.35625 0.0359375 0.0609375
1 0.5109375 0.121875 0.05859375 0.06796875
1 0.34140625 0.15625 0.06015625 0.0703125
1 0.215625 0.6765625 0.10546875 0.14140625
1 0.80859375 0.5109375 0.26171875 0.13359375
1 0.38671875 0.6921875 0.065625 0.08515625
1 0.059375 0.2921875 0.10625 0.09453125
1 0.28203125 0.2984375 0.065625 0.13203125
1 0.58125 0.134375 0.05078125 0.075