1 0.19401011307201288 0.43868512098547063 0.11387879353213633 0.09166960085908257
1 0.3348519555633525 0.1280076498182859 0.14562011646291487 0.1026823439616777
1 0.6530320675037116 0.17053482304232018 0.10853619629109837 0.0789239393936934
1 0.1493648349165661 0.10966932835784544 0.11898237336031983 0.07012214947960164
1 0.6105314704898162 0.6077924836031983 0.11667624491161739 0.08558337516934209
1 0.12034688376422775 0.5288320861597615 0.11075379353213637 0.09150582654882307
1 0.13842966191967448 0.8564557971501809 0.08534435775648759 0.08238313206674733
1 0.0848819380389563 0.8019453595655099 0.10096935775648759 0.08320200361804453
1 0.5632481982157216 0.9694271879233554 0.1063119549975255 0.06114562415328919
1 0.49744613580039265 0.9269751735627185 0.09093926051544958 0.07021068068726599
1 0.6291973405707757 0.41605536295641193 0.08468926051544959 0.06988313206674715
1 0.6032357061291794 0.34340575700894665 0.08205558344622813 0.07909435775648763
1 0.3464567616471034 0.3550172071452322 0.10902751922187681 0.08829893939369331
1 0.5946297472864666 0.10401903041469496 0.08065685775648763 0.08213747060135783
1 0.8994290326780024 0.25238676786308045 0.10713747060135788 0.08196705223856364
1 0.398623533470972 0.8544240649017197 0.07424308344622813 0.07868492198083885