1 0.4120101623713949 0.16283867820087525 0.30276242739850956 0.2220542209400421
1 0.5348032886384363 0.3142639801007546 0.4009908491396782 0.19127561171321644
1 0.6045016685197149 0.09202596845365127 0.4215033370394298 0.18405193690730254
1 0.4315844025106417 0.7065101130720128 0.33116922852997777 0.27196568973237767
1 0.5391782130118837 0.5289439557904951 0.4562692224798536 0.2957041621427578
1 0.8377851154829322 0.6734597591607125 0.3244297690341355 0.1810950282669884
1 0.21636742690753025 0.5192911533247889 0.22887949980360825 0.14164302464894368
1 0.2169042789740748 0.7458945969023537 0.19614881303532483 0.15398589439121899
1 0.8531174722834617 0.8413499440318501 0.29376505543307657 0.18126544662978256
1 0.348767878211949 0.8444848258714546 0.3977749455488821 0.175486837402957
1 0.8702408188890572 0.21072074174785796 0.21661584913967857 0.18161292740790583
1 0.7909043394753168 0.543885123814605 0.28399424668035034 0.21794657507848497