1 0.18203125 0.403125 0.19453125 0.15546875
1 0.23359375 0.234375 0.36328125 0.21796875
1 0.3234375 0.38046875 0.0734375 0.10390625
1 0.378125 0.43984375 0.028125 0.08984375
1 0.178125 0.5296875 0.0875 0.1875
1 0.14453125 0.69453125 0.10625 0.1453125
1 0.28125 0.58046875 0.125 0.16875
1 0.32734375 0.4984375 0.0703125 0.16796875
1 0.25546875 0.71953125 0.09140625 0.14140625
1 0.35859375 0.715625 0.1234375 0.23125
1 0.49921875 0.71171875 0.1171875 0.16171875
1 0.44453125 0.5328125 0.09453125 0.20390625
1 0.58046875 0.49921875 0.11796875 0.0328125
1 0.659375 0.68828125 0.1078125 0.09453125
1 0.6234375 0.67109375 0.1140625 0.128125
1 0.62734375 0.62109375 0.11640625 0.06953125
1 0.63984375 0.57265625 0.1125 0.04453125
1 0.61875 0.5453125 0.10703125 0.05546875
1 0.66171875 0.540625 0.0984375 0.06796875
1 0.6109375 0.37890625 0.28359375 0.19765625
1 0.4953125 0.22265625 0.25 0.3296875
1 0.615625 0.0875 0.08359375 0.10625
1 0.6515625 0.15234375 0.09609375 0.11328125
1 0.69453125 0.0640625 0.078125 0.125
1 0.715625 0.0671875 0.03125 0.11328125
1 0.74453125 0.1234375 0.059375 0.09765625
1 0.8234375 0.13359375 0.0984375 0.08671875
1 0.81484375 0.275 0.26640625 0.24375
1 0.78671875 0.4546875 0.20859375 0.190625
1 0.84140625 0.57734375 0.05546875 0.0796875
1 0.859375 0.634375 0.06328125 0.0953125
1 0.74921875 0.59765625 0.04375 0.0703125
1 0.79140625 0.60390625 0.05390625 0.09140625
1 0.74375 0.678125 0.04765625 0.0921875
1 0.8125 0.6953125 0.05625 0.0828125
1 0.84921875 0.72421875 0.040625 0.06796875
1 0.784375 0.7875 0.35390625 0.14921875
1 0.72890625 0.9171875 0.40859375 0.165625