1 0.175 0.45546875 0.16875 0.28125
1 0.3484375 0.5546875 0.1171875 0.38671875
1 0.1109375 0.66015625 0.1703125 0.40078125
1 0.71640625 0.39609375 0.2140625 0.303125
1 0.56171875 0.52734375 0.2140625 0.4296875
1 0.76171875 0.80078125 0.121875 0.3109375
1 0.490625 0.21171875 0.1 0.21640625
1 0.71484375 0.1796875 0.11953125 0.1796875
1 0.93515625 0.82109375 0.11796875 0.3421875
1 0.8375 0.29453125 0.1015625 0.3859375
1 0.31015625 0.89921875 0.14375 0.19765625
1 0.62421875 0.77265625 0.16875 0.26328125