1 0.780367485751042 0.4029235922057913 0.30585518218006963 0.25330784894328656
1 0.9017995425530556 0.28414684200939966 0.19640091489388886 0.3839669756031115
1 0.9105790497712501 0.6076070679070986 0.17884190045749976 0.19329652380771342
1 0.7824125625921189 0.9244561410977642 0.28797539152687507 0.15108771780447156
1 0.6572533748093752 0.21473272491574039 0.20203789152687507 0.1558419756031114
1 0.6173116266123271 0.7808299027070335 0.2530574905006947 0.2670612767345796
1 0.6086847750730563 0.9452090026322786 0.17293096656499998 0.10958199473544283
1 0.6562617577868755 0.6084236375817229 0.21439242116215293 0.1496646984757483
1 0.5837672023160421 0.5142645714231401 0.16689917211208344 0.12282948770335977
1 0.5077300727570142 0.4357077793668583 0.1573787017473613 0.11652494554888211
1 0.4469770235544449 0.577522574644594 0.10621493882958344 0.06623405405833438