1 0.421875 0.38125 0.165625 0.10234375
1 0.421875 0.4609375 0.190625 0.1296875
1 0.40625 0.6859375 0.13359375 0.2140625
1 0.6453125 0.24453125 0.0671875 0.10625
1 0.7125 0.278125 0.05546875 0.08359375
1 0.95859375 0.1296875 0.0578125 0.1015625
1 0.95546875 0.2546875 0.0640625 0.1
1 0.94609375 0.39296875 0.05625 0.0921875
1 0.93828125 0.4734375 0.0515625 0.08359375
1 0.734375 0.04765625 0.04296875 0.08515625
1 0.465625 0.55703125 0.09765625 0.12734375
1 0.51640625 0.6671875 0.06484375 0.1125
1 0.1328125 0.36328125 0.04921875 0.08359375
1 0.209375 0.8359375 0.26484375 0.3109375
1 0.7234375 0.4953125 0.23046875 0.29609375