1 0.52734375 0.79140625 0.07109375 0.10078125
1 0.86015625 0.71875 0.07578125 0.13046875
1 0.884375 0.3984375 0.06015625 0.09609375
1 0.83984375 0.903125 0.04765625 0.10859375
1 0.4484375 0.34921875 0.0640625 0.103125
1 0.42421875 0.84453125 0.071875 0.096875
1 0.1078125 0.759375 0.0671875 0.07109375
1 0.15 0.82265625 0.06640625 0.08671875
1 0.0625 0.31640625 0.0890625 0.0890625
1 0.11328125 0.39375 0.053125 0.0796875
1 0.63984375 0.37109375 0.0546875 0.0734375
1 0.70546875 0.41171875 0.06484375 0.06953125
1 0.640625 0.66015625 0.06796875 0.0953125
1 0.9375 0.46953125 0.06796875 0.0671875
1 0.85546875 0.14140625 0.06171875 0.09375
1 0.1640625 0.50546875 0.06640625 0.0609375