1 0.10234375 0.07734375 0.07890625 0.10703125
1 0.146875 0.2234375 0.090625 0.12421875
1 0.02421875 0.19453125 0.0453125 0.10390625
1 0.11640625 0.37578125 0.1 0.1328125
1 0.2484375 0.3984375 0.078125 0.13515625
1 0.2703125 0.2484375 0.090625 0.13046875
1 0.3890625 0.36015625 0.06953125 0.1265625
1 0.4734375 0.2765625 0.096875 0.13515625
1 0.4125 0.2125 0.08125 0.115625
1 0.38515625 0.7375 0.09765625 0.125
1 0.29140625 0.659375 0.07734375 0.13671875
1 0.59765625 0.5609375 0.103125 0.11640625
1 0.34453125 0.496875 0.0796875 0.1078125
1 0.71796875 0.31328125 0.096875 0.12734375
1 0.525 0.121875 0.090625 0.121875
1 0.7640625 0.5703125 0.08359375 0.12578125
1 0.8015625 0.921875 0.11640625 0.1375
1 0.76796875 0.784375 0.1 0.1296875
1 0.88828125 0.803125 0.06171875 0.10234375
1 0.82734375 0.1609375 0.10625 0.11875
1 0.63984375 0.16328125 0.09140625 0.1109375
1 0.07265625 0.7046875 0.0671875 0.08984375
1 0.94140625 0.36953125 0.07734375 0.12421875