1 0.28692062528753404 0.8340322913749072 0.28201763867708357 0.2375930960375438
1 0.4147378071832632 0.7815987293920882 0.21468336189159737 0.16339198002863498
1 0.17548051111482596 0.5185880100254534 0.24815047853284736 0.1918987880330894
1 0.12198731577789905 0.7047158666852263 0.2439746315557981 0.22000560669954403
1 0.4401768311189578 0.6287282680617243 0.15312761284152784 0.13612040802036277
1 0.2715957109623261 0.3509107087046346 0.20578114057694458 0.18359539202736236
1 0.37901208672163184 0.16773567671863396 0.18172539152687506 0.1567601720241807
1 0.6243888301690272 0.6043020747533141 0.08608427678548622 0.07441929201145392
1 0.5447201671749996 0.5689907360757238 0.10527068787965277 0.09338746801399936
1 0.5431544011230897 0.736986758076042 0.06711607123840277 0.06482611600890867
1 0.4474373912425347 0.04818679272754266 0.12387521751493065 0.08735564401654469
1 0.16956435153927069 0.16842437802354437 0.20261977298576403 0.18199652936027144
1 0.11436443921083303 0.35767723468331736 0.1960060970739585 0.1662988040260897
1 0.5882721050546523 0.4772850414146781 0.1176979526972918 0.09040791868236298
1 0.6038263295034373 0.37978333274981435 0.09222517401194459 0.06980451734563582
1 0.6764838859242012 0.3134230834261321 0.05745013050895835 0.052217028007636036
1 0.5048978670224997 0.39973165873645133 0.08597517401194459 0.0697317920114541