1 0.11509568977078843 0.5085393532697606 0.21351062653864633 0.6077037065395213
1 0.6065761715191809 0.8366470376033417 0.42026205634924096 0.2838682530029306
1 0.3617995238003583 0.9066585182887887 0.3110197075281045 0.18668296342242244
1 0.6343257812147322 0.9479904669196447 0.24409219269935675 0.10401906616071059
1 0.2857079842198503 0.33142239083592134 0.23342790121604456 0.33085204646340916
1 0.4186557243711995 0.6846985825466951 0.34936591901054187 0.4198110701894054
1 0.5627134945999737 0.39184653216613424 0.3068892589344296 0.44927839429596245
1 0.7619534437251211 0.5536156561961416 0.30057559193823524 0.44746122631118473
1 0.8015625 0.30271900106294525 0.396875 0.5562870810638203
1 0.8361012678130877 0.7952580684593848 0.32779746437382473 0.4094838630812303
1 0.1207594634596036 0.226427190227899 0.23782624113993248 0.362229380455798
1 0.36073715912471005 0.3734772396570577 0.17144255437207462 0.26437020060802235