1 0.075 0.43828125 0.14921875 0.58515625
1 0.5234375 0.82109375 0.38046875 0.209375
1 0.2609375 0.896875 0.27578125 0.20625
1 0.52578125 0.9515625 0.2265625 0.096875
1 0.30390625 0.28671875 0.17578125 0.2984375
1 0.36640625 0.65 0.278125 0.3671875
1 0.5671875 0.37890625 0.22890625 0.40703125
1 0.73359375 0.5609375 0.22109375 0.40546875
1 0.8328125 0.28671875 0.3 0.5671875
1 0.76484375 0.8140625 0.26796875 0.37109375
1 0.14453125 0.1625 0.2078125 0.325
1 0.3703125 0.33671875 0.12421875 0.24140625