1 0.9415517006683636 0.09819117349259529 0.11689659866327276 0.19638234698519058
1 0.8872294693666347 0.20412207237808472 0.16758858402290783 0.17646410835322088
1 0.9351306200270443 0.4596785595578031 0.12973875994591139 0.21563361621110372
1 0.8781310207669953 0.6985634311455904 0.17605561203054415 0.2330779813887503
1 0.9572118020567928 0.8738673380938504 0.0855763958864145 0.16642982878371626
1 0.8079361520925866 0.644770651161801 0.1174794960216353 0.16476032092583354
1 0.7299304254455403 0.7930134061241997 0.12363858935390812 0.157238919354257
1 0.5724906427832219 0.8323948914418914 0.21070333203372565 0.2581165227450789
1 0.6379049154200869 0.6096979460327866 0.19887494668999892 0.18104460049533805
1 0.7412197247374058 0.4868532973566941 0.16682606269890776 0.2451413337461151
1 0.596452117401315 0.4732724485139859 0.1857567813494537 0.12733740363849116
1 0.5787078973583625 0.15752116997793864 0.1713862933640895 0.23442215756743262
1 0.7726755260184537 0.10859896143671137 0.1698237933640895 0.21719792287342274
1 0.7655095580442253 0.2903036290358945 0.11311926002545344 0.19266699710451593
1 0.33872778735677167 0.1569733221686877 0.19117153469127154 0.19005572745980875
1 0.4194169027291335 0.4408709791169477 0.19155334269572588 0.22286822745980875
1 0.2511726960136812 0.08913731286306281 0.17202154535327185 0.15480743217453846
1 0.2095499120384982 0.2739875018620268 0.12296697469763496 0.23372864474715102
1 0.11970506735358996 0.14372426716350778 0.19157152402927138 0.22443072745980874
1 0.09291694271163428 0.32710184739496617 0.17750902402927138 0.22377575599585597
1 0.17720213072881533 0.44980729321835566 0.19905676002545336 0.19666960049533805
1 0.0855697087444055 0.5689811323411542 0.16063060669954393 0.24953773531769166
1 0.4192934647914942 0.9005006902418182 0.20656017735518084 0.1704709735308672
1 0.21737588144490397 0.8121959772549209 0.23159654002227165 0.174760367244561
1 0.09406565077972208 0.8288826712162838 0.1335226666931806 0.2014255669968918
1 0.21850093475490504 0.6401754280407093 0.14932948002863505 0.21777831306795062
1 0.3682014900938593 0.6746317030620999 0.2178976666931806 0.2053553957806084
1 0.436089518777813 0.798882532260101 0.13116018801718105 0.13260279238978612