1 0.11640625 0.06328125 0.2078125 0.1265625
1 0.23203125 0.125 0.1640625 0.15859375
1 0.48828125 0.06484375 0.2046875 0.1296875
1 0.72578125 0.12265625 0.21953125 0.165625
1 0.90234375 0.0390625 0.15859375 0.078125
1 0.67109375 0.19375 0.15625 0.1109375
1 0.81875 0.26875 0.14609375 0.1171875
1 0.85625 0.425 0.2421875 0.2
1 0.634375 0.36484375 0.165625 0.190625
1 0.5125 0.2640625 0.2328125 0.15546875
1 0.49765625 0.409375 0.11328125 0.18203125
1 0.18203125 0.434375 0.2203125 0.1609375
1 0.1265625 0.24140625 0.22265625 0.16015625
1 0.31640625 0.24453125 0.18515625 0.1046875
1 0.17890625 0.67421875 0.175 0.1828125
1 0.46328125 0.5875 0.2078125 0.18125
1 0.109375 0.7640625 0.13984375 0.16640625
1 0.29375 0.80078125 0.225 0.11328125
1 0.1625 0.89375 0.209375 0.18046875
1 0.3453125 0.91640625 0.21015625 0.1671875
1 0.46953125 0.8296875 0.18203125 0.18984375
1 0.5875 0.9203125 0.2375 0.15546875
1 0.92265625 0.5765625 0.1546875 0.2
1 0.83203125 0.78046875 0.15546875 0.22421875
1 0.846875 0.90390625 0.190625 0.125
1 0.66015625 0.78359375 0.20625 0.1390625
1 0.69609375 0.6328125 0.18828125 0.209375
1 0.82109375 0.5625 0.12109375 0.12421875