0 0.50234375 0.37421875 0.20078125 0.14609375
0 0.39375 0.51484375 0.196875 0.15546875
0 0.59453125 0.5078125 0.196875 0.15078125
0 0.696875 0.640625 0.196875 0.165625
0 0.796875 0.75390625 0.18515625 0.1609375
0 0.88984375 0.87421875 0.1890625 0.18125
0 0.48984375 0.64296875 0.19296875 0.17109375
0 0.5921875 0.77421875 0.18515625 0.140625
0 0.68515625 0.8890625 0.18125 0.18125
0 0.484375 0.8921875 0.1890625 0.1859375
0 0.3953125 0.77109375 0.19296875 0.17578125
0 0.2890625 0.64296875 0.19296875 0.1609375
0 0.19453125 0.76875 0.19296875 0.17109375
0 0.10078125 0.884375 0.18515625 0.17109375
0 0.2890625 0.91171875 0.18515625 0.12578125