0 0.6170537175358912 0.5254986319758539 0.15354556006354408 0.20923703163466173
0 0.47672081818451434 0.4134549353221642 0.1628660129856435 0.206494033611828
0 0.4833724184293956 0.6146500207974277 0.15661601298564348 0.20623936562705047
0 0.3502950913197228 0.7139894931170989 0.17224101298564348 0.20687603558899426
0 0.2375711745184756 0.811812886387297 0.1673625982129911 0.1957475346004113
0 0.11717112541198002 0.9008276709505271 0.1877296452908918 0.1983446580989458
0 0.3484400852306429 0.5067354086304185 0.17843646590774292 0.20400570357377176
0 0.2169252581209701 0.606138547946284 0.14702282467404082 0.19335736364988404
0 0.1019803222449994 0.6968351907221906 0.18759327759614014 0.1918877055509382
0 0.09923497200011808 0.4957992727374131 0.19241714529089182 0.19989120653952136
0 0.22036172402871296 0.40926354794628395 0.18156146590774283 0.2041330375661607
0 0.34803848498576156 0.30579499113993247 0.16749896590774283 0.2035600346004111
0 0.22230387378383165 0.20841863095008956 0.17843646590774281 0.20400570357377185
0 0.10671187581242654 0.1122373562355102 0.17827282467404082 0.19463070357377185
0 0.07920666436891058 0.29953176779449714 0.13137055113509044 0.19115819368794007