1 0.5578125 0.6125 0.36328125 0.1765625
1 0.6796875 0.48828125 0.05625 0.0671875
1 0.734375 0.5125 0.053125 0.1015625
1 0.7625 0.253125 0.04453125 0.065625
1 0.52890625 0.18203125 0.2078125 0.2140625
1 0.69765625 0.36484375 0.09453125 0.15
1 0.55 0.36328125 0.0625 0.08359375
1 0.5609375 0.4390625 0.196875 0.11875
1 0.6203125 0.053125 0.04375 0.10625
1 0.74375 0.071875 0.0296875 0.1234375
1 0.8296875 0.34765625 0.0484375 0.0703125
1 0.72265625 0.5765625 0.07734375 0.121875
1 0.78828125 0.34140625 0.0625 0.10078125
1 0.78515625 0.425 0.10546875 0.12421875
1 0.89453125 0.421875 0.0640625 0.13125
1 0.6796875 0.06484375 0.04453125 0.06953125
1 0.7796875 0.10859375 0.04609375 0.1359375
1 0.82890625 0.1484375 0.06015625 0.08046875
1 0.83828125 0.21640625 0.07265625 0.10390625
1 0.94921875 0.2375 0.0359375 0.03828125
1 0.9265625 0.284375 0.12265625 0.09296875
1 0.7359375 0.14375 0.19921875 0.16484375
1 0.72421875 0.0515625 0.05703125 0.06328125
1 0.8765625 0.059375 0.046875 0.103125
1 0.90703125 0.05546875 0.0328125 0.1109375