1 0.630577129126071 0.41314971979329707 0.22113353007601083 0.3804762176006804
1 0.49265000395672887 0.3052603526402544 0.07350609905006031 0.06339286660488845
1 0.5100145663720579 0.24830102450995328 0.10779921189493055 0.0630307680561673
1 0.24854479986371442 0.24725691279920622 0.07128850180902227 0.05083830290255768
1 0.2063041474434367 0.4866666423807862 0.23975297602842477 0.22984130054030488
1 0.3679399310259504 0.30022316697555745 0.1617364393936934 0.11014387023308565
1 0.38423107360814707 0.4467980666127378 0.09266553482570909 0.07186013103285874
1 0.4584122020568495 0.4285540089008567 0.14353971732199752 0.2093254146981227
1 0.07149537822155987 0.40841021152541257 0.10270227611928182 0.055054576949174816
1 0.0743603493887446 0.28386407931142743 0.12071529172311404 0.0416468413771451
1 0.33453985357261606 0.170681999915182 0.07622166327441153 0.055689494009550256
1 0.5752268085701416 0.2530678808632228 0.13106629353213642 0.09035715988879929
1 0.3335848631835545 0.2121973773198437 0.10829053482570909 0.07240576805616739
1 0.4170557824508599 0.20693446924514292 0.13879026232447184 0.11870041469812272
1 0.4003861815917772 0.0979414151614589 0.13978619629109837 0.07818454210278444
1 0.07150866632662929 0.3489260841207509 0.07441350180902231 0.0509474303072194
1 0.10286380766563055 0.24530008711597578 0.14201043758467108 0.06110616950744614
1 0.13683933796878384 0.19167409011120068 0.08937676051544959 0.06862600362819711
1 0.20328985357261606 0.1752653509109739 0.11190685775648763 0.081889895460829
1 0.21071617198083886 0.0630828094411616 0.042672178878243726 0.040481156260602245
1 0.2601772614199607 0.08092258466890508 0.10827724672063965 0.13167164065150563
1 0.14331506727656898 0.2853695264088698 0.19074226594251648 0.21721232576804841
1 0.05285051956056112 0.3065302529952249 0.06881859905006034 0.06322917549789597
1 0.05189777193541031 0.15394096633473603 0.09036605042954131 0.05774306733052792
1 0.04873847241038015 0.1235267800370669 0.08650406603337354 0.04357143992586621