1 0.7680055731069029 0.4774815252806513 0.28743311850068454 0.21413626463433122
1 0.5607433394042388 0.6208507719610017 0.13852895407749272 0.0898533612399266
1 0.5797637755350431 0.5309115731906656 0.14876777210332365 0.11959540339440444
1 0.5170341064929977 0.4586325730924698 0.1215233105039836 0.09600336729005096
1 0.2775470238191834 0.20616259982704938 0.16325147241989288 0.2415340359079617
1 0.5630857747436202 0.8356445249860638 0.15528585972519604 0.28991699375348395
1 0.7609980890085275 0.7720036849215717 0.2930419239901031 0.3532078549934109
1 0.3663521448936575 0.4829427475641131 0.09260870031656906 0.12239315046753826
1 0.270690303906573 0.46865805464750954 0.1458246285298145 0.12582722267624522
1 0.30175112114098107 0.7434307956705191 0.40232129875899403 0.5116294090517451
0 0.484543518408907 0.3135336965308408 0.08843802586424747 0.08643746974937896
0 0.47639135226985563 0.11049050976255734 0.1751029515702104 0.11193743949875792
0 0.479595257126136 0.2151416483262389 0.1708246285298145 0.12597266842151908
0 0.7723654303248164 0.16938476249303186 0.3896441393503672 0.3387695249860637
1 0.7537144379131708 0.7001832270760493 0.23556909012915472 0.1497828731437835
1 0.7474464028777233 0.861911067435129 0.12039873119538154 0.16473518657189173
1 0.7700942926903089 0.8352213024080143 0.27669419530200406 0.16720672247985355