1 0.4859375 0.50078125 0.1546875 0.6453125
1 0.49921875 0.7171875 0.05078125 0.1984375
1 0.2984375 0.4578125 0.18671875 0.6703125
1 0.3609375 0.63515625 0.0640625 0.26484375
1 0.1125 0.4734375 0.18203125 0.67421875
1 0.6875 0.5078125 0.15390625 0.6140625
1 0.72734375 0.484375 0.0484375 0.20546875
1 0.65234375 0.6640625 0.0703125 0.2421875
1 0.49453125 0.284375 0.0609375 0.209375
1 0.87890625 0.46640625 0.16171875 0.6421875
1 0.34453125 0.2640625 0.0515625 0.19609375
1 0.853125 0.48046875 0.046875 0.53359375
1 0.93125 0.4203125 0.05234375 0.57109375
1 0.8296875 0.48046875 0.05390625 0.56953125
1 0.89375 0.49453125 0.0375 0.5703125
1 0.45625 0.67421875 0.06015625 0.2765625
1 0.50390625 0.45703125 0.0625 0.15546875
1 0.44375 0.37734375 0.06015625 0.19921875
1 0.6359375 0.31015625 0.03984375 0.2015625
1 0.71015625 0.6875 0.0328125 0.24296875
1 0.64375 0.4578125 0.04375 0.1203125
1 0.70703125 0.28515625 0.07734375 0.16875
1 0.2390625 0.3859375 0.06484375 0.20703125
1 0.2640625 0.703125 0.03828125 0.146875
1 0.26015625 0.65078125 0.0390625 0.24765625
1 0.29609375 0.51171875 0.03828125 0.2234375
1 0.32421875 0.69609375 0.04140625 0.20078125
1 0.2609375 0.33984375 0.05390625 0.3203125
1 0.05625 0.4859375 0.04453125 0.6359375
1 0.13828125 0.47734375 0.02890625 0.62265625
1 0.17421875 0.47265625 0.053125 0.690625
1 0.0953125 0.49140625 0.05078125 0.6359375