1 0.3976340449831481 0.15126808740295697 0.1065954336450254 0.06494332654882315
1 0.3551061773985095 0.2247974406368888 0.08965337334017516 0.10623006784239583
1 0.2902669725780494 0.2221803736990041 0.07254768657189174 0.11939180913596861
1 0.4268963816297946 0.6167226690401628 0.18746468032537572 0.27224457146044045
1 0.16815718588452064 0.5781703448661888 0.05863063231716561 0.1436548247398008
1 0.45833325487177384 0.7847257185651928 0.19925563231716553 0.15102466870147851
1 0.5568095779642437 0.2595796336486268 0.2964942466803503 0.21860167231952313
1 0.37218965914994107 0.3420635057657512 0.23029655405833438 0.11672491180407354
1 0.4145953277678519 0.3817744589542545 0.17707156010845856 0.09675324852966191
1 0.2724947070599554 0.5235005342598822 0.08641928903121973 0.08731629353213641
1 0.318625339377121 0.666500261758645 0.10882152985783762 0.17908771370395282
1 0.7749242945903647 0.4303369482116623 0.2426976018701529 0.36886062188998175
1 0.7215367159387499 0.6509083977821211 0.2269635175611974 0.34929175033868437
1 0.7773872610200938 0.7194403917892271 0.1397897287263694 0.13228795680654795
1 0.6195100867448423 0.431564176276252 0.12136698165323559 0.18755531094499087
1 0.6910810805965223 0.5173212918346557 0.07539997579950324 0.07268058344622794
1 0.23264693276126272 0.6549652182265087 0.0715669695529872 0.21930992198083885
1 0.22732258674484235 0.41101050033868425 0.1552511022629363 0.1049818283578455
1 0.30251348428551433 0.44775358378491237 0.25699540944452864 0.1415544934412793
1 0.543737927103922 0.429155149252459 0.09931926483072288 0.15672139077317446
1 0.6557758814334027 0.7583656936891066 0.09100679508134384 0.07037445499752551
1 0.8188379210537977 0.4607547885552954 0.11199198165323558 0.1870639880142125
1 0.5323116312370111 0.8815431648562914 0.16297269867214012 0.08976626413349394
1 0.24147092427525157 0.29225717831241693 0.15463399960721658 0.26739994120271565