1 0.5640625 0.121875 0.1015625 0.0484375
1 0.61484375 0.1921875 0.0796875 0.09375
1 0.67890625 0.18671875 0.0609375 0.10859375
1 0.5859375 0.5859375 0.1609375 0.246875
1 0.840625 0.534375 0.04375 0.13671875
1 0.5734375 0.7546875 0.1875 0.12265625
1 0.41640625 0.2375 0.27734375 0.17578125
1 0.61015625 0.31015625 0.22109375 0.08046875
1 0.57265625 0.3515625 0.1703125 0.0703125
1 0.73046875 0.48515625 0.078125 0.07421875
1 0.7 0.6296875 0.09140625 0.165625
1 0.2171875 0.41875 0.20703125 0.3359375
1 0.2953125 0.63515625 0.1921875 0.31953125
1 0.246875 0.70625 0.128125 0.1125
1 0.37265625 0.41171875 0.10390625 0.171875
1 0.3109375 0.50078125 0.06796875 0.0625
1 0.784375 0.6140625 0.0484375 0.21171875
1 0.76328125 0.37109375 0.14609375 0.08203125
1 0.6921875 0.41171875 0.246875 0.10390625
1 0.4484375 0.40546875 0.08515625 0.14375
1 0.37265625 0.7390625 0.0859375 0.05703125
1 0.1765625 0.4515625 0.09296875 0.17265625
1 0.51015625 0.8546875 0.15546875 0.065625
1 0.7359375 0.25390625 0.12890625 0.24609375