1 0.6296875 0.63203125 0.2265625 0.19921875
0 0.88671875 0.61796875 0.22578125 0.15625
0 0.75 0.69375 0.23828125 0.16171875
0 0.7265625 0.5609375 0.1796875 0.1078125
1 0.56875 0.8109375 0.21328125 0.1515625
1 0.32734375 0.52109375 0.17109375 0.12109375
1 0.46015625 0.5578125 0.12421875 0.0796875
1 0.06953125 0.57734375 0.09765625 0.196875
1 0.0515625 0.509375 0.10234375 0.109375
1 0.06015625 0.7125 0.1203125 0.125
1 0.21796875 0.6125 0.16015625 0.34140625
1 0.31875 0.78828125 0.46953125 0.29140625
1 0.3765625 0.66953125 0.078125 0.07890625
1 0.48828125 0.3890625 0.275 0.17890625
1 0.8078125 0.82421875 0.3640625 0.1859375
1 0.65703125 0.26640625 0.353125 0.27578125
1 0.75390625 0.36640625 0.4921875 0.4140625
0 0.09375 0.33828125 0.1875 0.2109375
0 0.2609375 0.3734375 0.30078125 0.15859375