1 0.12265625 0.74453125 0.10546875 0.30625
1 0.865625 0.709375 0.26875 0.159375
1 0.07578125 0.5609375 0.1515625 0.365625
1 0.1703125 0.25 0.09921875 0.309375
1 0.2046875 0.4171875 0.1078125 0.4765625
1 0.2984375 0.50390625 0.11953125 0.65078125
1 0.46171875 0.4234375 0.1734375 0.2609375
1 0.47265625 0.56171875 0.16171875 0.35859375
1 0.87578125 0.06796875 0.128125 0.1359375
1 0.809375 0.12265625 0.12421875 0.21796875
1 0.50390625 0.12109375 0.1390625 0.23671875
1 0.38671875 0.26015625 0.19921875 0.32421875
1 0.60859375 0.1453125 0.146875 0.11171875