1 0.3515625 0.72578125 0.15546875 0.221875
1 0.24375 0.9015625 0.0921875 0.196875
1 0.0765625 0.1625 0.14765625 0.325
1 0.025 0.29375 0.05 0.2125
1 0.940625 0.59765625 0.084375 0.44453125
1 0.68203125 0.5546875 0.159375 0.4984375
1 0.15546875 0.67578125 0.11953125 0.565625
1 0.571875 0.178125 0.30625 0.2875
1 0.7546875 0.290625 0.125 0.58125
1 0.278125 0.17265625 0.1296875 0.3453125
1 0.43046875 0.24765625 0.17109375 0.43671875
1 0.5265625 0.73125 0.12421875 0.5375
1 0.58203125 0.68671875 0.08125 0.30546875
1 0.85390625 0.58046875 0.103125 0.8390625
1 0.59765625 0.25078125 0.090625 0.12109375