1 0.7232815279123657 0.6481399338550847 0.1673845148871962 0.24725121551297527
1 0.5245143881276133 0.6178327154014335 0.1072860769216895 0.295538229307785
1 0.889535882336645 0.8211193311869799 0.13500866252983137 0.25490658525525023
1 0.7140519613297582 0.36590396596726044 0.13671240363849116 0.19108974672063966
1 0.39606405644841286 0.6511918492772029 0.1480523180303493 0.23376856965141818
1 0.6058351244787621 0.8673137369981596 0.15113877667402048 0.1996392311168073
1 0.47339930603412805 0.7982881772963641 0.09935364474715094 0.1252257293077852
1 0.5469651228261323 0.5281593837642278 0.25322793134596894 0.4839942989592032
1 0.33355963254604204 0.30126377035353064 0.11574062406898662 0.10893898801421234
1 0.38085620181924557 0.0724526956137298 0.08082196856846853 0.12893058344622807
1 0.2707599179065148 0.16358670793820168 0.08925089867609248 0.10910940637700661
1 0.24879298841806352 0.4317944753510562 0.13780402274507902 0.21452724672063966