1 0.5 0.5 1 1
1 0.30177855397172265 0.3140625 0.19427665467194846 0.2796875
1 0.4776710041383384 0.56328125 0.5746150496239872 0.796875
1 0.5740817012000731 0.15390625 0.31248299917143035 0.3015625
1 0.6697429958661708 0.38125 0.39177239288512417 0.3265625
1 0.8941350661728318 0.51171875 0.17781690074300727 0.2953125
1 0.12308416563471243 0.41015625 0.20136140860088986 0.2640625
1 0.27228987552123785 0.896875 0.27621155128112634 0.19375
1 0.3559778248592841 0.84453125 0.19300094499482007 0.21875
1 0.45019462924078224 0.36484375 0.21625866252983136 0.2484375
1 0.659817762410506 0.7453125 0.24503863399378395 0.2625