1 0.8354120234639228 0.8766510125753111 0.2943358007211806 0.23160810470581303
1 0.8184115871028815 0.599679409491056 0.3274756090418059 0.24624334902377001
1 0.6998947103936451 0.7554873043782061 0.26581075721819475 0.21392968100470675
1 0.9137396580569439 0.7349913924449275 0.14437216831236127 0.23055234496658022
1 0.38388589105510346 0.8619426668012473 0.40494729882131963 0.2761146663975055
1 0.44698987557187453 0.6408718307598255 0.33052787385944454 0.24317289610167075
1 0.290323607904444 0.555291066556366 0.20418619224805584 0.3846591923687924
1 0.18060376899861066 0.5346182820603669 0.24474237632798662 0.5837239837646504
1 0.0914393515392707 0.5391636858759707 0.1828787030785414 0.4127023717519414
1 0.04354736540697905 0.3351932061685102 0.0870947308139581 0.0985114123370204
1 0.07574161635690958 0.17092220048646736 0.1351763934267362 0.1038807508107789
1 0.13380934270555545 0.12738643465815475 0.11628092306201396 0.0973034683433748
1 0.07686574563159697 0.29052163433384315 0.11918771751493062 0.08798301542127547
1 0.06113556212034714 0.2182920783274888 0.12227112424069428 0.06783415665497756
1 0.06593347131465276 0.09022162540538944 0.1318669426293055 0.0991932508107789
1 0.36587630708635405 0.1634814419617554 0.39637238582729195 0.3208536111986347
1 0.397102897607708 0.43366725689656355 0.33129159327423635 0.2759853961016708
1 0.8389494779641666 0.2209777110331836 0.3013521329775003 0.39885015178371364