1 0.6505510084860111 0.39726441937884704 0.3041158491396782 0.1861986080951718
1 0.4635873396717086 0.47962546076327683 0.2618283551898024 0.16680015490666858
1 0.2525760750373774 0.18740258197589005 0.22117608411256368 0.159983588873295
1 0.4117056353422277 0.15356757179912475 0.24313289734428026 0.17519250904511155
1 0.4393271621750031 0.3369909034363305 0.207059041958086 0.14987160447712727
1 0.422425487605164 0.25097483830746814 0.2506454154946528 0.12403944482076028
1 0.22140386397040124 0.3333801452957301 0.3761544756031115 0.21809041723114042
1 0.20785549013924678 0.5552584673219976 0.41103853571156995 0.30739193464399506
1 0.4401685412707149 0.6158562098587657 0.202371541958086 0.149625943011738
1 0.3908639537403057 0.7327670708946136 0.22912493949875792 0.18383052464894387
1 0.5638065500513136 0.7910343515364511 0.22109427088084707 0.14592108887329508
1 0.6104431171918551 0.21552974050060322 0.20339875253408266 0.326188443011738
1 0.7822863009350763 0.2190685775648759 0.26604419827935677 0.3544639292169281