1 0.2890625 0.790625 0.578125 0.41875
1 0.078125 0.47734375 0.15625 0.1921875
1 0.38046875 0.09140625 0.2015625 0.1828125
1 0.303125 0.2625 0.24609375 0.2359375
1 0.13203125 0.11796875 0.228125 0.2109375
1 0.0953125 0.31328125 0.18515625 0.18984375
1 0.61484375 0.38671875 0.2421875 0.1234375
1 0.709375 0.10390625 0.196875 0.2078125
1 0.66640625 0.26328125 0.26953125 0.15078125
1 0.80859375 0.43125 0.13828125 0.12890625
1 0.9 0.12578125 0.2 0.159375
1 0.93359375 0.2921875 0.1328125 0.15625
1 0.9296875 0.7796875 0.140625 0.146875
1 0.73984375 0.79609375 0.075 0.11875
1 0.9484375 0.49609375 0.103125 0.1046875
1 0.96015625 0.6171875 0.0796875 0.15625
1 0.79140625 0.715625 0.11953125 0.109375
1 0.8703125 0.6578125 0.1109375 0.10546875
1 0.765625 0.92109375 0.10390625 0.07109375
1 0.925 0.91875 0.15 0.1140625