1 0.27383148914586614 0.7838969956315969 0.5476629782917323 0.43220600873680615
1 0.06813476707417028 0.47552537044097215 0.13626953414834056 0.19582425911805573
1 0.3756783514249095 0.08815135058934016 0.21114329715018093 0.17630270117868033
1 0.2893679579382017 0.255444687310972 0.2592399604245926 0.24168357940652802
1 0.12584876978770373 0.11489568854524294 0.2391797659425165 0.21624716831236132
1 0.08803837092969981 0.311062826937986 0.17607674185939962 0.1949163757593057
1 0.5945766791053864 0.37240810287045084 0.2486565852552504 0.12907447663298627
1 0.7039295041838715 0.09679638592420113 0.20776599163225704 0.19359277184840226
1 0.6526082643606369 0.2477704723614925 0.27661116689245624 0.15625522568305578
1 0.7859928951841886 0.4124297715640618 0.14421474672063966 0.131325348023889
1 0.8934080840120548 0.10483351747999925 0.2083524898232348 0.1640300516711113
1 0.9182808519907365 0.27045786426961727 0.1410012155129749 0.15934124525034737
1 0.8888258095902538 0.7580487832475686 0.14832239258219673 0.15014808320625014
1 0.6981222444613915 0.7788736955760063 0.08122342378986111 0.12049564437666689
1 0.9224383282463038 0.4740186221534019 0.10861143939369314 0.1070877610179167
1 0.9278108237237479 0.5948396152195479 0.0878762155129749 0.15810474715020853
1 0.7539019329505736 0.697204815067048 0.12448210085908258 0.11213893692972228
1 0.8358380076903744 0.6375557517124297 0.11650582654882306 0.10883209897381967
1 0.7173525220510113 0.9032736303215272 0.1068918091359686 0.0742752610179167
1 0.8768503527837058 0.8972203860211103 0.15597776232447202 0.11755378875333342