1 0.816395517305865 0.1967117642067548 0.3515839653882701 0.3934235284135096
1 0.5119961819303214 0.5042400718379623 0.3979328014003606 0.5005956582765354
1 0.15402585654046036 0.9268101416407392 0.27507382001909 0.14539786931630944
1 0.15461477466581822 0.08011241964391634 0.30922954933163643 0.1460251607121673
1 0.3929307453055467 0.20256016396187349 0.3078885093889065 0.40512032792374697
1 0.13686365332590944 0.2757249285723701 0.2737273066518189 0.3423001428552598
1 0.15622108597231946 0.6323879857965405 0.3124421719446389 0.46022402840691895
1 0.8450899452578217 0.5413859212720646 0.3025839387332695 0.49580697240056465
1 0.29378833788196 0.864226546674159 0.5764737827020893 0.2709468887947747
1 0.6328962912158236 0.854401938721935 0.32968968936981646 0.2744501696406211
1 0.3712786332352318 0.7160287800350673 0.31738968403881646 0.2914194813290184