1 0.5379233468865272 0.6338094493748769 0.1203242577868755 0.6083978317584983
1 0.44035866907486054 0.5997469626217209 0.0975751291777783 0.503001003628197
1 0.8385636989944787 0.39459065963434525 0.1385274374984032 0.5184821598887993
1 0.29904268484243 0.634345195831498 0.08594533852458372 0.40579862141421186
1 0.0967145057964924 0.774895817878682 0.06544577488562511 0.12874504809323425
1 0.8796777018442704 0.4727776578202468 0.16618357807534778 0.7005506154237622
1 0.936819361038576 0.39896564638750137 0.11705117458062517 0.46777283175849815
1 0.5734978241851036 0.6146130160724328 0.11832534669270878 0.5895932680561675
1 0.6138325366660411 0.592127891662996 0.11221951063666716 0.5284920769491747
1 0.6367992176118398 0.5109225316815295 0.08013044319798635 0.35719743030721923
1 0.40643761075423557 0.6149825822218344 0.07595339589527814 0.446041675497896
1 0.3857796186380203 0.6305356603521355 0.09237848290125035 0.4809623125212045
1 0.3606529852792703 0.6033109614405946 0.09350457180708371 0.4622668762235353
1 0.3465534644777078 0.6389310029104068 0.09492290786312543 0.5232043762235353
1 0.31817454454982586 0.6172841814035277 0.08605574771888928 0.4776190577118811
1 0.18358264542350647 0.5642187235063122 0.05101959897381958 0.11262897477225646
1 0.19033721922736047 0.7770907457388307 0.046004790653194495 0.09840278366526398
1 0.09188741432520793 0.4792112956461635 0.045932055470833434 0.09527778366526399
1 0.12339198746347183 0.4671825215995463 0.03793771751493065 0.08719246515360979
1 0.15714873841340235 0.4925446201482675 0.047349085106111174 0.08908234736759475
1 0.18537957513503417 0.654707314250485 0.06871624525034732 0.1351041754978958
1 0.12384396951170089 0.5819171441948846 0.06620818787965285 0.09442461179556502
1 0.14135551178041603 0.7350867842134181 0.07514808320625015 0.1431349303072194
1 0.055256317251249465 0.6444196333951114 0.04582295269729175 0.09059028366526398