1 0.46328125 0.3421875 0.04296875 0.60390625
1 0.55703125 0.38984375 0.03359375 0.4984375
1 0.1453125 0.5390625 0.0734375 0.51015625
1 0.7 0.375 0.03359375 0.4015625
1 0.9125 0.26328125 0.05078125 0.12109375
1 0.1109375 0.45546875 0.078125 0.68984375
1 0.0453125 0.51953125 0.0625 0.46015625
1 0.4265625 0.35625 0.04453125 0.58359375
1 0.384375 0.3734375 0.0453125 0.5234375
1 0.35546875 0.45078125 0.0359375 0.35234375
1 0.5921875 0.37890625 0.01875 0.44453125
1 0.6140625 0.36640625 0.03046875 0.478125
1 0.63671875 0.39765625 0.03515625 0.4578125
1 0.653125 0.3640625 0.02734375 0.5203125
1 0.6796875 0.3890625 0.025 0.475
1 0.80859375 0.4609375 0.03828125 0.1078125
1 0.81953125 0.24765625 0.03515625 0.09375
1 0.89296875 0.55859375 0.034375 0.08984375
1 0.8609375 0.56640625 0.02890625 0.0828125
1 0.82890625 0.5359375 0.0359375 0.08515625
1 0.81484375 0.3703125 0.053125 0.12734375
1 0.86953125 0.4515625 0.0546875 0.08828125
1 0.86484375 0.29609375 0.0578125 0.1359375
1 0.94296875 0.39921875 0.03515625 0.0859375