1 0.855947934626984 0.6140677586424746 0.26450896935659574 0.35295046991261037
1 0.4903951366187739 0.7253268897460785 0.237555583916172 0.2849900801000249
1 0.6345951093932151 0.6400723851937321 0.39020087840834067 0.7198552296125358
1 0.7103188347017388 0.26133390056663125 0.28438513212077404 0.27854150329870536
1 0.5884761718393646 0.11792121819675079 0.25429765632127077 0.20892768527287436
1 0.5964371001216369 0.4955604848897982 0.15419766237139498 0.1888304824490227
1 0.35190987442032967 0.62206183425666 0.33745663172799034 0.5394168188172538
1 0.30160080221162267 0.6737319828447342 0.23660213797450638 0.3896321159934022
1 0.2780250060501242 0.02528011097883724 0.24082498789975162 0.041376472419892896
1 0.36530631655136625 0.19972383300301874 0.12208512002052548 0.30818823620994645
0 0.13200345804191402 0.1429269490629279 0.19536808391617194 0.28376254922121247
1 0.2608268530485032 0.4295357019659217 0.11484427088084717 0.13769387978345585