1 0.25625 0.13984375 0.3671875 0.24765625
1 0.44765625 0.09921875 0.23984375 0.1109375
1 0.70390625 0.8296875 0.25234375 0.17734375
1 0.31875 0.590625 0.15625 0.1296875
1 0.52734375 0.63359375 0.13203125 0.11171875
1 0.72265625 0.56953125 0.20625 0.12578125
1 0.384375 0.4015625 0.1375 0.13828125
1 0.575 0.521875 0.12265625 0.13515625
1 0.4203125 0.5109375 0.171875 0.16484375
1 0.509375 0.39609375 0.14375 0.12265625
1 0.734375 0.41484375 0.20234375 0.11875
1 0.615625 0.38984375 0.15546875 0.1046875
1 0.6359375 0.64765625 0.11953125 0.1046875