1 0.19296875 0.49375 0.253125 0.06484375
1 0.509375 0.51796875 0.3890625 0.0734375
1 0.81015625 0.53515625 0.24921875 0.07421875
1 0.72890625 0.25859375 0.0421875 0.35859375
1 0.22109375 0.8015625 0.1671875 0.2671875
1 0.5359375 0.7296875 0.26171875 0.20390625
1 0.77421875 0.79765625 0.1625 0.09296875
1 0.79296875 0.5984375 0.00078125 0.0015625
1 0.1171875 0.621875 0.07421875 0.14765625
1 0.80078125 0.67734375 0.0828125 0.13984375
1 0.278125 0.221875 0.05703125 0.29453125
1 0.415625 0.240625 0.090625 0.26328125
1 0.3125 0.1296875 0.090625 0.09765625
1 0.3078125 0.2203125 0.0890625 0.06796875
1 0.3078125 0.328125 0.10390625 0.06875
1 0.0546875 0.77109375 0.0859375 0.16875
1 0.19921875 0.81484375 0.1921875 0.18046875
1 0.42265625 0.7609375 0.19296875 0.096875
1 0.49140625 0.74375 0.07734375 0.215625
1 0.9109375 0.8546875 0.15546875 0.20703125
1 0.52265625 0.29140625 0.115625 0.30546875
1 0.515625 0.2203125 0.05625 0.15234375
1 0.790625 0.27578125 0.040625 0.26484375
1 0.8234375 0.1625 0.090625 0.0546875
1 0.821875 0.26875 0.10390625 0.059375
1 0.81171875 0.36875 0.0828125 0.06015625