1 0.20591495924989625 0.5328102572360892 0.25806837955902784 0.0915544934412793
1 0.5197949680836115 0.5079042689947342 0.3943695554708334 0.11430367593756774
1 0.8182499986688198 0.49077315920208175 0.25516158510611114 0.1007657191310198
1 0.7583717312857298 0.7677617051090673 0.06933841356270865 0.3641310990500603
1 0.210432926196146 0.22404941089956237 0.187650696047778 0.2844989099950513
1 0.5304739756830558 0.2962231405460317 0.27849259517409736 0.23151775214770653
1 0.7629760447372571 0.22803746381549456 0.16955139342673622 0.11032442559888347
1 0.120992485751042 0.4042924315917773 0.08630378875333347 0.1543400192218769
1 0.7985524816669795 0.34850709407321934 0.09400718597979178 0.1500619549975256
1 0.3113343835461812 0.8044163415868285 0.07878484232430578 0.30064180913596844
1 0.44745306829170206 0.7858002176606818 0.11090635809187521 0.2726739393936935
1 0.3525062038346535 0.8970885204650724 0.09767639342673622 0.10655761646291495
1 0.34102188354618124 0.8059721975342937 0.09389677678548614 0.07826884215265544
1 0.3330619535503131 0.6986543424913396 0.10795927678548614 0.07900582654882307
1 0.05040461597565994 0.2546775339211979 0.0930993026210418 0.17810506784239583
1 0.18750391926229185 0.21114329715018093 0.20599934612402798 0.20118844301173802
1 0.41504834422416687 0.26520443464399496 0.20091049620027784 0.1166496687014785
1 0.4848887187492016 0.28212966304726894 0.09415396276527802 0.22341756784239583
1 0.8950787234988542 0.1709763155790883 0.17216985999173637 0.22282442559888346
1 0.550050085009202 0.7349957134768103 0.13852351823611145 0.31937852103089914
1 0.5485798104079173 0.8059256891665507 0.06769925911805572 0.15960737336031983
1 0.8188364526003825 0.7506428041591275 0.06090635809187539 0.27005355042954127
1 0.8597179853697924 0.8643677894598065 0.09513196846486131 0.06428822930778502
1 0.8502137391695145 0.7577492972617226 0.10774107123840296 0.06963082654882306
1 0.8322793971295491 0.6577116757104251 0.08742857123840295 0.06856629353213642