1 0.471875 0.5203580125365281 0.28125 0.2565461664125003
1 0.4953125 0.3865285264042365 0.4921875 0.3255182912218754
1 0.75234375 0.2128234951534381 0.2671875 0.3968438580918752
1 0.91953125 0.47374607740975777 0.1609375 0.27718336189159737
1 0.90625 0.660936952884723 0.1875 0.21217661094166687
1 0.71875 0.8042290919430561 0.48125 0.2674512180836114
1 0.70625 0.7250319012136117 0.2984375 0.18194620991548618
1 0.68515625 0.5784471887326742 0.578125 0.358768508736806
1 0.321875 0.7496792237831947 0.446875 0.4494636310776393
1 0.25859375 0.31617508634038216 0.5171875 0.5511001726807644
1 0.64453125 0.26031413136197973 0.6265625 0.5052084040634033