1 0.8407174662333375 0.3797064232877075 0.20452491529826133 0.25008569892376153
1 0.8673572342855144 0.391750504966908 0.23848280054229284 0.44848896567298446
1 0.5821833244482022 0.5363182580672798 0.2134646198241338 0.44419957195929066
1 0.6390044544276767 0.2289017103008102 0.27187604176169416 0.2813400070293133
1 0.2176379936552882 0.20163946691583873 0.40504306576579935 0.3484633486333112
1 0.3665911824666751 0.820652678454994 0.14802038524403188 0.20371581306795078
1 0.22712818578632482 0.6239682311838625 0.218805583916172 0.2882406703877141
1 0.4166401376799188 0.5580948664205007 0.1779896863754999 0.25353603060296204
1 0.1876788246445939 0.4249699590579559 0.37172150565734075 0.25943508188408815
1 0.4397862253085238 0.3725918600103599 0.10905787919390768 0.21908394789030422
1 0.9552420119038567 0.20944096505832116 0.08951597619228657 0.1307834272121397
1 0.7332281948615111 0.5746080084815646 0.0866738190854491 0.1305651033908221
1 0.14859970656897606 0.8268984861462612 0.20903060811666876 0.21905402274507893
1 0.8832065107255062 0.8325381708065083 0.09434996369925486 0.10749147642635144