1 0.171875 0.61640625 0.18046875 0.2234375
1 0.14453125 0.60546875 0.19296875 0.4203125
1 0.41484375 0.4453125 0.16875 0.41875
1 0.38828125 0.7546875 0.246875 0.24375
1 0.8125 0.75703125 0.375 0.2921875
1 0.60234375 0.15 0.12890625 0.184375
1 0.7609375 0.3375 0.190625 0.26015625
1 0.578125 0.4140625 0.153125 0.23125
1 0.82109375 0.5328125 0.353125 0.20546875
1 0.5734375 0.6 0.0875 0.20546875
1 0.05703125 0.79375 0.11328125 0.11640625
1 0.26015625 0.415625 0.0734375 0.1203125
1 0.81953125 0.13125 0.1890625 0.19140625
1 0.08515625 0.16796875 0.08359375 0.0953125