1 0.473073325986637 0.12052459325662772 0.2866113040260897 0.20543247849326604
0 0.8742292685391877 0.9581658343652876 0.13110564401654443 0.08366833126942481
0 0.7761832145528689 0.8748868773742462 0.28170562802354426 0.18646415467194827
1 0.3093400652053241 0.9478071843461515 0.29347837468172655 0.10438563130769687
1 0.5810974338797328 0.8929602495857152 0.5823419746976348 0.21407950082856964
1 0.2023330173058649 0.4946897235308674 0.4046660346117298 0.18000444706173474
1 0.5420547572406406 0.7084291617012618 0.42156810669954403 0.26169109470436974
1 0.29547974924414044 0.6711495237785363 0.2651737507160886 0.3762158593866781
1 0.07685066462445649 0.6787478922659517 0.15370132924891297 0.11374578453190339
1 0.10800121463241066 0.5903232471045159 0.21600242926482133 0.17127149420903187
1 0.11861090328613852 0.8354003066578098 0.23722180657227704 0.28017561331561963
1 0.8630170733211369 0.13008810772953913 0.27331132535009034 0.13610028163641918
1 0.8936847233052285 0.2487674871752092 0.20975790268936265 0.1768665227450791
1 0.7030949912874112 0.37121175971540044 0.4286180853755436 0.33073219313279323
1 0.29026137332909113 0.044786076921689476 0.23197725334181776 0.0732706418516669
1 0.11079204933163644 0.01766699710451588 0.09404090133672711 0.029366476426351446
1 0.9255592426002757 0.532436165835091 0.13993629869508978 0.21577916542531544
1 0.8475962325748224 0.716406597390457 0.26818856802990787 0.23268418320799586
1 0.5649848219287306 0.5515991188971909 0.29742153469127147 0.1950044007430071
1 0.21954724196372893 0.27755788151258465 0.4359407840547248 0.42321079156121655
1 0.09237730931731893 0.12233522642635145 0.1028170120146357 0.11254284946188076
1 0.3435472686187295 0.36931735008105326 0.36824311203054405 0.24202925806277067
1 0.6408699006604094 0.07596772621695447 0.20103633601209037 0.09837764970954974
1 0.704550045313501 0.17898787241184752 0.17025905068427197 0.1375471575674326