1 0.29855542448493033 0.8150084540955571 0.20534802768032884 0.14056514970954978
1 0.5063825119373602 0.8248970686540311 0.18835152866891214 0.14445212903138546
1 0.5925189887056556 0.7105198914418913 0.20273236364988403 0.15291960049533806
1 0.31622444965662017 0.5378808738640988 0.21229836463846716 0.15804374813797323
1 0.16934283798390254 0.4100919758071789 0.1576453567298018 0.11806941149637407
1 0.3173028355124446 0.3914596381321225 0.15158635771838497 0.12246581306795061
1 0.495406636387297 0.22896598449363129 0.15308519072219048 0.12097608767505648
1 0.4668770711779885 0.31639536393930134 0.15939885771838505 0.12282968610347993
1 0.7370901176042166 0.12847787117801165 0.19903436068413444 0.13871155128112633
1 0.6432181007983028 0.05852193662246313 0.2048386917107738 0.11704387324492627
1 0.5861430884410131 0.01250203825595696 0.16603617688202627 0.02500407651191392
1 0.3193082762718162 0.9017079334173929 0.160643022737413 0.11508996071058561