1 0.23588218905500913 0.1245398985373027 0.07112472749876275 0.04651253571381497
1 0.4558737844870248 0.16435024106825097 0.09611808344622812 0.07660913879807008
1 0.7209554726375227 0.31364072361508527 0.10697369629109836 0.07523755357072251
1 0.6504404975136092 0.5102469423654972 0.0983423247398008 0.0594761858759707
1 0.704158555517924 0.0373140028360785 0.10730788896415203 0.05182732710967277
1 0.6306768741532893 0.5740230702065187 0.0777841632744117 0.0544341298696164
1 0.6602858090244269 0.5909611542160503 0.07967421189493056 0.06071140340856651
1 0.32999403720055825 0.08943028733537275 0.10055992198083885 0.07200345941492108
1 0.38808774593172946 0.976106352677218 0.0903660504295413 0.04778729464556406
1 0.35379131106059186 0.9633002098186629 0.08699538896415202 0.05147277110331814
1 0.3641799344209117 0.8993604407439394 0.11125176051544958 0.06750687418757337
1 0.8409271359119342 0.2625612390363608 0.07753850180902226 0.04974662986961631
1 0.8679057157401179 0.28492716273746693 0.07613977611928177 0.052844356330665934