1 0.6289312389119589 0.6079240925699303 0.13231124203690497 0.07560305674305993
1 0.5040901336079348 0.6471875178801817 0.1702662683452644 0.08450669530200408
1 0.49186387841685003 0.5711789473470683 0.1577662683452644 0.0841429824490227
1 0.38516655738428013 0.5470163701500372 0.1449022472985769 0.07752926959604131
1 0.532891425842484 0.5123184243858147 0.12965667889684288 0.05680759263643722
1 0.3629205600857032 0.4730560329238765 0.1511522472985769 0.07771112602253219
1 0.3364244914722077 0.6742859123116208 0.1545502630835925 0.08248955423577727
1 0.33063024680446673 0.6015841982049981 0.1483912683452643 0.08387019780928676
1 0.17527488886960665 0.6391798234361072 0.21354583148532652 0.10448422618081672
1 0.15007892584248392 0.5011797182632577 0.17273882096198281 0.10017715940862679
1 0.15426370983158944 0.7337194336235217 0.11981124203690503 0.07523934389007839
1 0.21277343082180708 0.8009356773553155 0.10712923151356132 0.07175063103709718
1 0.11776403868608001 0.8301481527447093 0.1136522472985769 0.0766199874635877
1 0.054199465516784305 0.2878098885589443 0.08109735253201389 0.10686977711788863
1 0.06697321032569961 0.21252874373179384 0.11356124203690506 0.07505748746358769
1 0.07404298670464604 0.14644074247815259 0.1358912683452643 0.0835064849563052
1 0.16315796558737147 0.2168872862890887 0.12955026308359247 0.0817621285298145
1 0.18871867868508135 0.28080503378180627 0.10097023677523316 0.07313127461060623
1 0.19640164704446308 0.345762444048363 0.1545502630835925 0.08248955423577745
1 0.09471253149944392 0.08620793613080416 0.12275423151356138 0.07220527210332377
1 0.35501851287183095 0.3106014970304991 0.09124662628012441 0.040091454077492816
1 0.2797385208349259 0.23665788017916708 0.10649219468185844 0.060813131037097
1 0.46770749964706415 0.38407375244077546 0.06513915258848364 0.04713106426490725
1 0.947698472023287 0.8449289652272499 0.1046030559534259 0.18864862602253182
1 0.8392232677805669 0.6967151225908127 0.12926183674699843 0.10359166442319179
1 0.6605691048099139 0.4949754631821858 0.0758792315135615 0.07084134890464337