1 0.07669174620027788 0.10192725007058716 0.08851959897381953 0.11594278939195171
1 0.13390744699770854 0.24097506854290834 0.10149237765916679 0.13698333148532651
1 0.020153418312361303 0.2272604500141174 0.03216049620027787 0.10797909997176518
1 0.11797658852458368 0.39680013431380645 0.11261171561506958 0.1454328683170294
1 0.2518794630496184 0.40230043444086333 0.09073671561506957 0.14415879465362344
1 0.2592893067051044 0.25010089760916043 0.103200348023889 0.14332433674699835
1 0.3882520677230211 0.3458544714137407 0.08117987765916679 0.13580026308359247
1 0.4643041150257294 0.2522417083301482 0.10952308320625015 0.14681335779368573
1 0.3980783965608682 0.19664342668952997 0.09186280452090285 0.12549979991529536
1 0.4196910909931256 0.7218786451194988 0.1077423776591667 0.13734735253201383
1 0.31879943179882 0.6557824792356612 0.09080945079743064 0.14728379465362346
1 0.6144548110735074 0.5188692242563381 0.11377417211208343 0.1283363735787013
1 0.35635071713368094 0.48774583980135733 0.09011846656500007 0.11759629465362345
1 0.7116337099154864 0.25739412698599606 0.10937761284152785 0.14056335779368573
1 0.5012559883164931 0.09206307152668015 0.10141964247680554 0.1338583314853265
1 0.7808065096867366 0.5068334138882863 0.0952423776591667 0.136619310438639
1 0.8514164825200007 0.8516307034214122 0.12838218597979179 0.15259292093374804
1 0.8053019358828826 0.7189770981173881 0.11253898043270852 0.14230786831702957
1 0.9266320752255564 0.7220804403378198 0.07282186379145869 0.11190773677523325
1 0.8063617156150695 0.09228579550066959 0.11700827488562524 0.13320588410204498
1 0.6192253915268752 0.11883142690129148 0.10116506933854179 0.12292083148532651
1 0.10537401785486174 0.7292332027155405 0.07565592306201396 0.0995897472985769
1 0.9391417672861808 0.28482336404357794 0.08895601006798622 0.1346927893919517