1 0.28359375 0.3265625 0.06953125 0.13203125
1 0.38203125 0.3515625 0.059375 0.134375
1 0.57890625 0.6546875 0.1125 0.15390625
1 0.0546875 0.790625 0.0921875 0.22109375
1 0.11640625 0.50625 0.084375 0.084375
1 0.7625 0.734375 0.06796875 0.0953125
1 0.8734375 0.2078125 0.09453125 0.08828125
1 0.74375 0.16953125 0.11953125 0.203125
1 0.4890625 0.11015625 0.059375 0.21796875
1 0.5515625 0.12578125 0.05859375 0.215625
1 0.62734375 0.12578125 0.0796875 0.20703125
1 0.82890625 0.74140625 0.05390625 0.0828125
1 0.33203125 0.7203125 0.1375 0.10234375
1 0.5875 0.39453125 0.05703125 0.11875
1 0.1890625 0.32890625 0.0921875 0.115625
1 0.821875 0.9015625 0.19140625 0.09375