1 0.1328125 0.6078125 0.18046875 0.240625
1 0.215625 0.4984375 0.11953125 0.18671875
1 0.40859375 0.79921875 0.14140625 0.215625
1 0.21484375 0.803125 0.171875 0.20703125
1 0.36953125 0.5140625 0.10703125 0.12734375
1 0.59453125 0.75078125 0.14375 0.171875
1 0.7984375 0.6953125 0.121875 0.153125
1 0.43984375 0.3421875 0.0578125 0.071875
1 0.453125 0.42890625 0.0734375 0.0875
1 0.290625 0.3859375 0.05390625 0.0546875
1 0.93515625 0.66171875 0.071875 0.1078125
1 0.74453125 0.89765625 0.14375 0.16796875
1 0.5484375 0.90078125 0.128125 0.16640625
1 0.553125 0.4109375 0.06640625 0.103125
1 0.65078125 0.421875 0.05 0.08125
1 0.7328125 0.36875 0.0421875 0.046875
1 0.60625 0.51171875 0.053125 0.0734375