1 0.37929913108413704 0.5126893348981306 0.18838421022570007 0.2307601623713948
1 0.8319687946422686 0.08375126864135193 0.1608125892845372 0.16750253728270387
1 0.5821927114435159 0.18491327196100163 0.11676258035608367 0.1553510962128121
1 0.6027352621748646 0.0656466841360048 0.1460955243497292 0.1312933682720096
1 0.3407670961843962 0.09568364207972295 0.11002165665497757 0.12718973477649365
1 0.6840494918823252 0.11165705826174685 0.12632849512873606 0.1663431383672898
1 0.7241400726421506 0.5731894559006147 0.1718240016215578 0.26659766842151916
1 0.5575019975610728 0.560876329142594 0.15836942775829588 0.21183744554888212
1 0.18689166842280508 0.3669188135263042 0.18062625730360066 0.23383971057599684
1 0.060187072238408815 0.2699897922526736 0.11546490746575644 0.2600204154946528
1 0.9038447581110842 0.8417025856836975 0.11210235389503395 0.1568863251355733
1 0.8308268547058129 0.28425824522642207 0.10215460957707698 0.12401928298109555
1 0.10987302110002306 0.5650432170189045 0.17851828652459384 0.20258062021691714
1 0.2534356550268292 0.8220466750608185 0.11793534253094826 0.22253859621281222
1 0.46256914731619136 0.7622302717646099 0.14204322402541775 0.0820681323171657
1 0.5324711753226639 0.29068200381062903 0.09924779788867966 0.13650110226293624