1 0.6776993157657993 0.3100242738856904 0.33292262607064965 0.2971383906040083
1 0.6341963181034904 0.7566779650310596 0.17257495764913067 0.12531355172849495
1 0.677146366504484 0.6179049700456245 0.14601245764913048 0.12454066191590947
1 0.3384015081914235 0.5480604491294349 0.16325449980360834 0.13441576708875883
1 0.4796299753085239 0.3790794654267709 0.1819590480082102 0.127148836368231
1 0.384003857920277 0.32794652593075446 0.14903746369925477 0.10744409012915472
1 0.15033440251064167 0.7246553560307794 0.10508747579950314 0.07179609514371954
1 0.5277412641433519 0.5902155422280905 0.1742556323171655 0.14567151583511767
1 0.19320107503737738 0.16862666488541023 0.20305331888905725 0.26211486975432585
1 0.048797610945339145 0.3291048268013196 0.09435905405833439 0.10741534639736088
1 0.70852609318775 0.10206100969992545 0.23841812626704134 0.16472304420664755