0 0.38671875 0.48125 0.225 0.64296875
0 0.6390625 0.4546875 0.23828125 0.621875
0 0.84453125 0.4796875 0.3109375 0.67578125
0 0.1515625 0.8578125 0.25625 0.24609375
0 0.3859375 0.8625 0.20625 0.17265625
0 0.584375 0.85625 0.190625 0.2328125
0 0.80234375 0.8703125 0.209375 0.21953125
0 0.09296875 0.4875 0.1859375 0.609375
0 0.221875 0.60234375 0.15703125 0.13828125
0 0.25625 0.44296875 0.1515625 0.128125
0 0.19765625 0.2484375 0.1703125 0.14140625
0 0.7671875 0.2703125 0.19609375 0.1859375
0 0.77109375 0.478125 0.1984375 0.27734375