1 0.3397307279641665 0.21828129636395371 0.1957528303564585 0.2269692716843644
1 0.18155324563159697 0.29563742613086813 0.29361236815986147 0.40680559382421577
1 0.34109059337114556 0.3614137374709463 0.11777068787965286 0.09622521397248338
1 0.4088404846136802 0.4067832903735039 0.09480466014423623 0.04858632213985139
1 0.4638228446054165 0.19446682884809136 0.20283667211208342 0.12885915389834954
1 0.6207826658438194 0.13583341723001147 0.16555487765916688 0.136924625042409
1 0.531226590521354 0.2883011636018144 0.19266289152687505 0.16128970798203354
1 0.45793325446531224 0.3467287332945951 0.1820513934267362 0.10783732576804841
1 0.6636767210303123 0.24132201459760633 0.1573787017473613 0.1210268065307547
1 0.6769196438079857 0.3442114016209149 0.253854964665139 0.17435519237293687
1 0.6971386119885066 0.4833111071558777 0.18463218597979178 0.15164188947037935
1 0.5116557068782634 0.4572867765785058 0.22024237765916688 0.13883435462398896
1 0.5013695574676037 0.596884989918017 0.05756053970326391 0.1253472295815799
1 0.7004058163013189 0.6452753938163666 0.11537303970326392 0.12736608656782167
1 0.6777138519205204 0.6124256882814036 0.15003898043270852 0.14106648801910052
1 0.6289672273954856 0.6240154635091472 0.09200827488562524 0.12967263103285873
1 0.5831455811189578 0.6443081161415524 0.06682643692972227 0.12098711179556502
1 0.5530405070307634 0.6276191239461006 0.0776912017473613 0.11824405771188111
1 0.5559466482732981 0.6707242832019278 0.088483231382639 0.11237600362819719
1 0.3876330593674647 0.6460814033501954 0.2542576210096531 0.32580856496827515
1 0.21379747549562453 0.5563492368379741 0.3790394154625697 0.32079866115474365
1 0.1010766571070133 0.6962797776748142 0.12271276101791675 0.10732640507947586
1 0.17086182703489522 0.7213913942797027 0.13241506933854175 0.121716287293461
1 0.09135485857003407 0.7780382091631599 0.13982752583555563 0.10480160580511537
1 0.09791332988468683 0.7985962458236487 0.11682513050895837 0.0556002139724832
1 0.1584507863817007 0.8179117302145521 0.10803201196784729 0.08027283175849824
1 0.18168695820944372 0.8945659994518458 0.10734233415618064 0.11771826805616711
1 0.3192967141933673 0.8526016995445131 0.29764394509784753 0.2947966009109738
1 0.49177243265822845 0.8076587988110244 0.23219947663298618 0.2500992368379741
1 0.6223132646302076 0.8427108998068163 0.09069904160312507 0.07342263103285873
1 0.6815246104698952 0.8518155704953887 0.10814111474138884 0.08496033175849789
1 0.6268572538966314 0.7482614953603126 0.07943423328249999 0.058978185116542826
1 0.6399741965259368 0.7893775686812903 0.10003767401194459 0.07218751324684405
1 0.7046737825819787 0.73064989862569 0.10149107123840295 0.06755457694917481
1 0.7336514613435757 0.7957763908211416 0.09382404160312507 0.07353175843752044
1 0.7680985433155548 0.8274728241235859 0.07623649810013902 0.05574405771188111
1 0.8198623714878119 0.7534376125981733 0.22279072188333374 0.38247522721932725
1 0.9014046186380202 0.6765328614170469 0.17726132275701403 0.4386508161494017