1 0.1296875 0.47265625 0.11796875 0.13359375
1 0.2734375 0.63828125 0.09765625 0.11640625
1 0.14453125 0.59296875 0.03671875 0.18828125
1 0.26171875 0.765625 0.11875 0.08359375
1 0.35859375 0.55625 0.05625 0.140625
1 0.39375 0.65546875 0.05625 0.17265625
1 0.20625 0.6171875 0.0453125 0.11328125
1 0.72265625 0.8359375 0.13984375 0.12890625
1 0.7421875 0.67421875 0.1109375 0.18046875
1 0.84140625 0.73984375 0.10390625 0.1078125
1 0.57890625 0.56953125 0.0984375 0.12421875
1 0.8 0.490625 0.05859375 0.11796875
1 0.8734375 0.5390625 0.0640625 0.09765625
1 0.91953125 0.64453125 0.04765625 0.09921875
1 0.946875 0.75546875 0.05703125 0.090625