1 0.24916323945328375 0.7487736160391293 0.1793989480508354 0.17278359456891898
1 0.28472068425770825 0.6343170029131846 0.1790716655834313 0.154033594568919
1 0.12347744683960996 0.7506307896037132 0.18742963636243806 0.18573862087727805
1 0.12108092411143849 0.6196538053887288 0.2218319099013884 0.1893032366340588
1 0.16490919602883103 0.8808951422769015 0.23660352191409725 0.23074728398910552
1 0.2833429651002592 0.40026052132903606 0.3589342637964224 0.35337968913783796
1 0.198753325488115 0.14919782124433148 0.3086967102257 0.24743352602601054
1 0.8284179115295368 0.4715336797438889 0.20921490746575627 0.27129668927901224
1 0.7067765109603439 0.3311123480468009 0.09226141233702041 0.09902830517696729
1 0.6676537353927987 0.42626522432692526 0.09053527110331831 0.08956229991529537
1 0.6388935357171103 0.3748693242986904 0.0903716298696164 0.08018729991529545
1 0.6186998125024715 0.32453539533126036 0.09478639448011279 0.06483531570031094
1 0.5981673498411395 0.47245695584048664 0.10125458279171547 0.07769933674699843
1 0.5657736355549545 0.4056635689664314 0.10802278003177221 0.10775085779368573
1 0.4806428847441756 0.5432993478350394 0.08870003571381488 0.07384629465362344
1 0.47280883969486975 0.4555641294050705 0.11400004464226861 0.09248987884037305
1 0.3976627893705582 0.5130118793344833 0.1174523271096728 0.11142188936371689
1 0.5023890198887976 0.32584653732581315 0.09667617694751698 0.08367632096198277
1 0.5989112382321725 0.20627821899466628 0.10144549756436802 0.08863683674699833
1 0.5778192625819016 0.09367622784965615 0.24592397483619663 0.1873524556993123
1 0.6645194582036956 0.7846769638035815 0.1617205243497292 0.1436575366905286
1 0.5479574752498243 0.8898033505364624 0.20895008035608367 0.16670019454068416
1 0.8733080771162633 0.8060760087395538 0.14574096834337488 0.12243498407380997
1 0.6966268003309022 0.8678766006776367 0.15676028896022592 0.12775952090551285
1 0.7838726193196047 0.16194584811738807 0.3334239748361966 0.23326461021276015
1 0.7894795113640857 0.046240879263896154 0.2522909772718286 0.09248175852779231