1 0.5039264065484146 0.8441528759623116 0.14049882535009015 0.13072545680654776
1 0.3455064739020045 0.7033275593631112 0.1199317866804539 0.10778592378986111
1 0.38461333255095986 0.8316672433297377 0.1895715773392725 0.053658345770699965
1 0.21808090790105 0.717032612506186 0.0904806440165447 0.12654256784239593
1 0.43162633457991306 0.6160522094085398 0.14289657200827238 0.06838923111680728
1 0.33363427725177647 0.5829298501817141 0.17416475334181775 0.0715894742194024
1 0.36346558589277767 0.7703136635015542 0.11462612133990877 0.054415262324472025
1 0.16878417329727438 0.2566174129357273 0.13450336401972635 0.15227290818602893
1 0.33144780529918344 0.2340386488022331 0.18573860001590833 0.1268501843053107
1 0.2701205013128646 0.13653288500742317 0.11217383068109026 0.11206398801421238
1 0.4287211526098208 0.3960263144514939 0.12932496801399934 0.10983974672063965
1 0.5171949486394103 0.1735537709193575 0.1210579346753633 0.07036781094499092
1 0.4727551526495917 0.10092849841812031 0.09921929734245402 0.07234639077317437
1 0.36943070532304595 0.056373994234248805 0.10214430267345413 0.055322665083433885
1 0.25963808199395483 0.031500104873611996 0.09287839067472685 0.06300020974722399