1 0.63046875 0.50078125 0.159375 0.21328125
1 0.1203125 0.87265625 0.1390625 0.1625
1 0.38359375 0.8 0.096875 0.14296875
1 0.34453125 0.928125 0.1265625 0.14375
1 0.6109375 0.91875 0.09453125 0.11484375
1 0.27265625 0.859375 0.10625 0.153125
1 0.296875 0.396875 0.13828125 0.25
1 0.46015625 0.43046875 0.13046875 0.19609375
1 0.80078125 0.6703125 0.1515625 0.21640625
1 0.93515625 0.78515625 0.12421875 0.2453125
1 0.15625 0.10859375 0.0921875 0.146875
1 0.15078125 0.66953125 0.0875 0.1140625
1 0.9046875 0.48359375 0.15390625 0.184375
1 0.7984375 0.2109375 0.0890625 0.21171875
1 0.5828125 0.24296875 0.13515625 0.06484375
1 0.44765625 0.7015625 0.0828125 0.1265625