1 0.3457489160489972 0.5717579573761981 0.1332963052100677 0.1817621285298145
1 0.4241457437992562 0.5849913947606435 0.16429374813797323 0.2107509465556454
1 0.6422750055860804 0.6382768337944416 0.23881855913900907 0.16922868778015676
1 0.2522687055432992 0.32808686223247846 0.11784677956950462 0.08456887978345566
1 0.2981120525239806 0.2676183751646022 0.09375430810555185 0.06982441818411544
1 0.19618364123249435 0.020572227434457822 0.11075771753501132 0.03286998746358767
1 0.3182940816792004 0.035859909804338286 0.11028683664159918 0.056262023356964994
1 0.45424869830458886 0.05624426913382289 0.10163958271265763 0.07161423871722891
1 0.5314640157157656 0.07804872446495695 0.09353598428423418 0.06513691818411552
1 0.07484152646913268 0.20714256175762474 0.09317211124870502 0.05732441818411545
1 0.5263097113342674 0.5582363296378064 0.1459375463187275 0.11815426959604132
1 0.6443533899941493 0.5264671555811962 0.12409677956950453 0.08475073620994636
1 0.2739465748592841 0.8536468033778476 0.09346320967712848 0.06357441818411544
1 0.7533258598054722 0.8496382591379465 0.35957632299274794 0.300723481724107
1 0.5136086199351574 0.29344640393184357 0.33915250702931327 0.27981449828414034
1 0.6620696987188737 0.2132768337944415 0.30357457195929066 0.219484752045064