1 0.29609375 0.790625 0.13203125 0.14921875
1 0.3984375 0.7328125 0.11328125 0.1546875
1 0.3296875 0.9125 0.14453125 0.15703125
1 0.45859375 0.8875 0.1359375 0.19296875
1 0.14375 0.91015625 0.27890625 0.17421875
1 0.628125 0.68515625 0.27109375 0.30078125
1 0.89765625 0.71484375 0.17265625 0.2734375
1 0.4046875 0.17578125 0.22890625 0.1578125
1 0.57578125 0.26328125 0.0796875 0.075
1 0.49375 0.32109375 0.06953125 0.07421875
1 0.55234375 0.33828125 0.059375 0.078125
1 0.60703125 0.346875 0.03984375 0.0875
1 0.46796875 0.39765625 0.05390625 0.08984375
1 0.54296875 0.41484375 0.08515625 0.0890625
1 0.43203125 0.525 0.053125 0.078125
1 0.5203125 0.51484375 0.06484375 0.09921875
1 0.48515625 0.59921875 0.084375 0.0984375
1 0.6390625 0.459375 0.0609375 0.08515625
1 0.72890625 0.34140625 0.0640625 0.08828125
1 0.86484375 0.334375 0.17109375 0.20859375
1 0.14375 0.3984375 0.10625 0.1390625
1 0.065625 0.53359375 0.13125 0.18046875
1 0.0640625 0.20234375 0.08828125 0.12890625
1 0.053125 0.38515625 0.08984375 0.13828125
1 0.7203125 0.15390625 0.14921875 0.30234375
1 0.86953125 0.115625 0.10859375 0.23046875