1 0.3825190510035791 0.5984541180756178 0.1412568004748537 0.1836033612399266
1 0.46112142412311724 0.5815933501216369 0.17341608260730723 0.21503516842151918
1 0.6854682062555708 0.5490434287732516 0.2426374440483631 0.17794423458010195
1 0.2075741899582349 0.40966030454931374 0.11973348997087019 0.08818177693097126
1 0.22921952091618952 0.33689042506081845 0.09584134890464338 0.07242042154477701
1 0.04714177296125359 0.12784319886853185 0.09428354592250718 0.07868860226293632
1 0.16255617280296902 0.10450517193756052 0.11334709765100212 0.08345791549465287
1 0.29984322413575254 0.08417851551809397 0.103699313011266 0.07402837334017516
1 0.38058475877548864 0.07433536202549366 0.09575042069139794 0.06929542154477705
1 0.022479090591373117 0.36468466871610666 0.044958181182746235 0.06125566256778665
1 0.5480962383880245 0.5185979255517978 0.14885870031656906 0.12272040339440445
1 0.6470853193459792 0.4453780732888616 0.12598348997087 0.08821813836728971
1 0.4171451374383171 0.8849228832009285 0.09414245658477541 0.0677238311856975
1 0.8339104032734348 0.7090900735834491 0.30008153417751765 0.3266908067888089
1 0.4410124787546061 0.2794177717646099 0.34742789561857335 0.289472607920277