1 0.2234375 0.20703125 0.09765625 0.184375
1 0.16484375 0.40625 0.10546875 0.16484375
1 0.25546875 0.51640625 0.11328125 0.17890625
1 0.4890625 0.2875 0.1140625 0.1875
1 0.64765625 0.17421875 0.0859375 0.1390625
1 0.63046875 0.32265625 0.0921875 0.13046875
1 0.746875 0.5328125 0.090625 0.1328125
1 0.66875 0.48515625 0.09140625 0.13984375
1 0.7875 0.790625 0.09609375 0.17734375
1 0.8828125 0.7171875 0.084375 0.18828125
1 0.96953125 0.67890625 0.0609375 0.1546875
1 0.96171875 0.8609375 0.07109375 0.15234375
1 0.134375 0.20703125 0.08046875 0.14453125