1 0.06953125 0.34140625 0.03125 0.06171875
1 0.1578125 0.5484375 0.05546875 0.08046875
1 0.3640625 0.778125 0.0515625 0.09375
1 0.54140625 0.671875 0.0375 0.0890625
1 0.075 0.81875 0.059375 0.09375
1 0.59921875 0.640625 0.0375 0.06953125
1 0.62265625 0.665625 0.04453125 0.06875
1 0.94609375 0.96640625 0.04140625 0.065625
1 0.05546875 0.43984375 0.05078125 0.08671875
1 0.95 0.325 0.0484375 0.078125
1 0.91953125 0.29609375 0.0328125 0.07734375
1 0.859375 0.31875 0.0421875 0.10078125
1 0.86484375 0.96171875 0.04609375 0.06015625
1 0.340625 0.9046875 0.0328125 0.06953125
1 0.36875 0.9265625 0.03671875 0.065625