1 0.1609375 0.178125 0.17421875 0.24921875
1 0.40546875 0.11875 0.084375 0.125
1 0.13671875 0.35078125 0.0953125 0.15390625
1 0.365625 0.28125 0.08046875 0.1109375
1 0.259375 0.12734375 0.12421875 0.17421875
1 0.33203125 0.109375 0.05234375 0.08125
1 0.8921875 0.18828125 0.11015625 0.20546875
1 0.1828125 0.8421875 0.0984375 0.1765625
1 0.9265625 0.61640625 0.103125 0.14375
1 0.7859375 0.31953125 0.06484375 0.19140625
1 0.8 0.69609375 0.1140625 0.23984375
1 0.36953125 0.7546875 0.096875 0.10859375
1 0.5171875 0.396875 0.1 0.20546875
1 0.721875 0.43671875 0.07109375 0.23125
1 0.6625 0.88515625 0.1375 0.20234375
1 0.71328125 0.0671875 0.096875 0.08671875
1 0.78828125 0.153125 0.04375 0.0859375
1 0.63515625 0.39609375 0.11171875 0.15234375
1 0.8484375 0.4984375 0.13203125 0.14765625
1 0.2765625 0.4 0.09609375 0.21796875
1 0.4390625 0.6453125 0.15703125 0.30703125
1 0.51875 0.83125 0.13203125 0.15078125
1 0.56953125 0.57734375 0.13046875 0.15390625
1 0.66875 0.1921875 0.175 0.14765625
1 0.76328125 0.9109375 0.06953125 0.140625
1 0.87265625 0.35390625 0.07421875 0.13671875
1 0.1890625 0.465625 0.05078125 0.1046875
1 0.12421875 0.64453125 0.15 0.19296875
1 0.2609375 0.6671875 0.15703125 0.26015625
1 0.40390625 0.88984375 0.08984375 0.20390625
1 0.43671875 0.4078125 0.06640625 0.07734375
1 0.6734375 0.53984375 0.07734375 0.1296875
1 0.68046875 0.72734375 0.07734375 0.0859375