1 0.25283289935137687 0.10591820189359395 0.2849592012972463 0.2118364037871879
1 0.14114755682042862 0.32727050624651594 0.14094437418757347 0.108621541958086
1 0.4277101684261003 0.11078140125310512 0.17249438311602727 0.1259908491396783
1 0.30841687743727964 0.3216103378249969 0.1268000535707225 0.10385222872636941
1 0.1818834253259592 0.1864227924490653 0.19965690097293468 0.16052038524403187
1 0.1486794131510946 0.2537966448101975 0.09182503571381498 0.06927724082661779
1 0.10639952272981909 0.8180909489667277 0.21279904545963818 0.15130901170746505
1 0.8962265689952933 0.2556969079906004 0.19606825081077872 0.13393970452587264
1 0.508635876629796 0.9344456393492484 0.1646818831160271 0.12594539734428026
1 0.25110756899858855 0.7406512293155446 0.20180005357072242 0.10428856596219109
1 0.6151234302005184 0.830711585290914 0.262184174511885 0.16244649960721666
1 0.7691440974055075 0.42048209153743 0.12860801542127548 0.1179238190854491
1 0.38666678815274225 0.49301263915285676 0.22432961850553051 0.14191583098930566
1 0.3799007707028718 0.701624569871016 0.24269778896022584 0.12014991529826116
1 0.8300683660764893 0.7341582512765463 0.22964440990138826 0.17788060206654457
1 0.037278262988938805 0.6185045603048503 0.07455652597787761 0.11299087939029935
1 0.08838542654707049 0.7095699218393646 0.09481366801906325 0.06148292154477701
1 0.35964854627041704 0.6087830848981306 0.17591939204448098 0.14319652985783762
1 0.41110808604471705 0.8381478771508043 0.17309440097293471 0.16036584913967858
1 0.44388281899529325 0.2583285669441497 0.23682961850553053 0.1419885538619427
1 0.6464781647759477 0.46650363954564017 0.3366035219140972 0.21912374648395866
1 0.8100576493546722 0.5827275614832007 0.17621940097293454 0.16038402985783762
1 0.5507371964325729 0.5811115610904173 0.17937167451188502 0.16196471057599685
1 0.15357582427359429 0.5998267622966401 0.18320578652459388 0.20260789129415607
1 0.8321609257362915 0.8380417753788473 0.1532807329538713 0.09931926483072288
1 0.26512343020051843 0.8327478257247485 0.15177278003177214 0.10243517447164337
1 0.5279499017870088 0.18597177791293 0.11372730925276535 0.07096700585373247
1 0.7166948019491647 0.15831388964383603 0.22358532467404083 0.18878174063022612
1 0.7080310937520595 0.29663150108015446 0.289537607141445 0.20791353571157006
1 0.8876116793864443 0.48072417906783915 0.2101034772718286 0.13245901775758923
1 0.4153469415613089 0.4162910578689634 0.09201595048646727 0.0802147408266178
1 0.4912882840955525 0.6751979043763632 0.1455500535707225 0.10396131303532492
1 0.6725286014659926 0.7194513775435876 0.10163641233702041 0.09433178298109546