0 0.7525600424347144 0.580026377227914 0.4211480771094875 0.3703521467218156
0 0.310762520191593 0.6905859006206385 0.18066104547482595 0.21762494668999893
0 0.2096722054765761 0.6035227999681834 0.17938770555093822 0.18637494668999893
0 0.07637020452517398 0.5161784359882278 0.15274040905034797 0.17382040268936266
0 0.3767443003433798 0.5469171692791388 0.3211082678316782 0.48319649737427073
0 0.39965255973492 0.5021404712762754 0.4330857085166878 0.20338282272436103
0 0.6995888927387256 0.5002121552355498 0.13525570357377176 0.1764908693507266
0 0.7673069278334281 0.33309683322727757 0.4214770464634093 0.2251123720559974
0 0.5902961002668301 0.3078257552514583 0.35530290121604474 0.3258567120464524
0 0.3122055923581647 0.34854385128900206 0.44733920950527095 0.20823395472627002
0 0.2528252751716899 0.2727086046308198 0.1731085306460784 0.14725790268936265