1 0.5143086874984032 0.48480430837250055 0.6711905478713891 0.3449272362105358
1 0.3019366272779171 0.536289026590708 0.2069422906531945 0.10879668927901207
1 0.6057909387326742 0.650801763718877 0.7033133700597226 0.3842473414439727
1 0.41789089522968814 0.6445348951194989 0.27638327488562525 0.14248842079257357
1 0.6392970358066327 0.8131351637471118 0.7054564450978476 0.34224185196731655
1 0.4543303561920141 0.2942849951618512 0.6397223423243059 0.33373213097709886
1 0.46657512984336835 0.24898020043764046 0.21475479065319442 0.10925171558737148
1 0.31303451538631977 0.3744869766048254 0.25450827488562505 0.14121434712916764
1 0.7207028514423615 0.41176310857014464 0.219733231382639 0.12202473137238705
1 0.4438798994106598 0.13665856584148528 0.6690097988213196 0.27331713168297056
1 0.7802259346486116 0.549111919149958 0.20541615824437506 0.11026818401734033
1 0.43713959014010423 0.12708978988606187 0.5337606702122223 0.20585078370675683
1 0.4744928133546181 0.07340043166885313 0.5708606267092362 0.14680086333770626
1 0.44313567021222233 0.1494275214702104 0.5684629785328473 0.22191539946353753
1 0.41286563554295147 0.09819915795603622 0.5665731702122223 0.19639831591207244
1 0.3550077291015283 0.564490350324701 0.2857219072944446 0.14147195236260474
1 0.5519353208571532 0.45444967946154025 0.16947865824437508 0.10817506299888784
1 0.6450320106366672 0.48814286902290116 0.21028549620027803 0.11835369980235591
1 0.6590542237831947 0.28392580588283894 0.20672408510611112 0.09942168927901225
1 0.27513381867295167 0.32584435025411385 0.2458593202884723 0.1048218208208084
1 0.5143963404244447 0.3205142952183209 0.12823540919430557 0.07924642619541977
1 0.664339829406528 0.20851628220531562 0.18554006933854178 0.1278351156156064
1 0.6903302461033687 0.6865579822194331 0.21827983415618063 0.12662122611071513
1 0.37826731040791733 0.7571482871846389 0.15323540919430564 0.08070251038216938
1 0.42962978865642426 0.7455513635494677 0.2506922906531946 0.11134483660582398
1 0.5545921146444798 0.669429937354048 0.22867182028847227 0.1038207629424182
1 0.3690546581474659 0.6974470634929981 0.20516158510611113 0.09933068401734033
1 0.7294102766885769 0.6514248480468009 0.3264560100679862 0.14852558916607278
1 0.6415875408406257 0.877933411116276 0.6321254350298613 0.2084591151920833
1 0.6290498668286812 0.8098204479479788 0.615119772985764 0.2152705573136931
1 0.6243071622315284 0.7741104611021585 0.687903962765278 0.2585192993505981
1 0.6269795269729175 0.8553149584713224 0.6344152868534725 0.23980012045375504