1 0.4984375 0.2171875 0.19453125 0.26875
1 0.3703125 0.4296875 0.0796875 0.13125
1 0.459375 0.40703125 0.109375 0.13671875
1 0.5359375 0.4671875 0.0875 0.11328125
1 0.80625 0.6953125 0.23125 0.14140625
1 0.15546875 0.43671875 0.28046875 0.12890625
1 0.2046875 0.23671875 0.33359375 0.26015625
1 0.5234375 0.61796875 0.1171875 0.08046875
1 0.54453125 0.71328125 0.11484375 0.134375
1 0.25546875 0.69375 0.5109375 0.353125
0 0.68359375 0.49375 0.0796875 0.08046875
0 0.8875 0.49296875 0.10078125 0.165625
0 0.78203125 0.49453125 0.1140625 0.159375
0 0.82421875 0.1984375 0.3515625 0.35546875
1 0.2765625 0.240625 0.1328125 0.221875
1 0.115625 0.25390625 0.1578125 0.1046875
1 0.140625 0.2296875 0.14765625 0.2625