1 0.5567323526814084 0.10050392059347202 0.12585561736154424 0.20100784118694404
1 0.39063901674885987 0.5965405063651733 0.21435559070654361 0.298659624809375
1 0.23178054272754264 0.4431641992788193 0.2446067120464524 0.3477881090418057
1 0.4115845793682257 0.2475211249062844 0.20636127737108917 0.2828527868534724
1 0.26927835335772615 0.17346864190812478 0.19671355736790747 0.259197081306389
1 0.6437351027211793 0.3866881552071523 0.20161923337045273 0.2780561840799307
1 0.5488889634388588 0.7647787472471176 0.2127930907065437 0.2986232572181947
1 0.8255032707272244 0.42700076463020764 0.21302835335772627 0.18459712480937523
1 0.7694179974140417 0.5767838655038883 0.2422431386855445 0.14466310904180588
1 0.7197367180935411 0.6724970622172564 0.2746032947167249 0.37504159327423636
1 0.28771510610276796 0.7505396349742706 0.21417377737108917 0.28303462480937525