1 0.3824088934197688 0.63671875 0.2137010626989076 0.2375
0 0.4126707474538126 0.8875 0.16980561203054415 0.225
0 0.3283764687698589 0.76015625 0.17785446936663485 0.2453125
0 0.45927193276572265 0.7296875 0.11933289735836254 0.184375
1 0.19977765941276907 0.58515625 0.16508174936345316 0.221875
1 0.47335842071131606 0.32890625 0.13332267202418074 0.178125
1 0.44523451539622433 0.46328125 0.08744655068427179 0.1296875
1 0.4008636133434086 0.07421875 0.20281701201463562 0.1078125
1 0.4670244153405451 0.053125 0.11529883068109026 0.10625
1 0.26568009134309045 0.071875 0.13272268801718107 0.1265625
1 0.3752652713637713 0.22421875 0.3504919906906353 0.1765625
1 0.20623455537872518 0.334375 0.3196805320655424 0.4828125
1 0.3287095393857249 0.3859375 0.08377611067790855 0.0828125
1 0.6157742820655424 0.4828125 0.195496502705271 0.284375
1 0.20093326877781306 0.81875 0.20890556938254318 0.3625
1 0.748906050087496 0.64453125 0.29802261338317954 0.3671875
1 0.6547662461011772 0.7453125 0.44498961473581494 0.509375
0 0.6409164486791813 0.0921875 0.22245789735836255 0.184375
0 0.6170260573679075 0.2546875 0.17858172270845252 0.3078125